0  2.6468  -1.6598  0  0.361308  0.149984  0  
0  2.64793  -1.65772  0  0.112652  0.207816  0  
0.1  2.52335  -1.60583  0  -2.3413  0.766555  0  
0.2  2.16355  -1.50158  0  -4.577  1.25384  0  
0.3  1.60207  -1.3547  0  -6.38604  1.62424  0  
0.4  0.891235  -1.17888  0  -7.59977  1.84322  0  
0.5  0.0973233  -0.990499  0  -8.10505  1.89039  0  
0.6  -0.70566  -0.807129  0  -7.85477  1.76133  0  
0.7  -1.44286  -0.645862  0  -6.87228  1.46808  0  
0.8  -2.04556  -0.521729  0  -5.24916  1.03798  0  
0.9  -2.45757  -0.446303  0  -3.13671  0.511114  0  
1  -2.64049  -0.426614  0  -0.731857  -0.0633948  0  
1.1  -2.57726  -0.464498  0  1.74122  -0.631994  0  
1.2  -2.27378  -0.556424  0  4.05198  -1.14168  0  
1.3  -1.75834  -0.693823  0  5.98502  -1.54494  0  
1.4  -1.07899  -0.863885  0  7.36013  -1.80418  0  
1.5  -0.29905  -1.05076  0  8.04913  -1.89523  0  
1.6  0.508764  -1.23702  0  7.9878  -1.80961  0  
1.7  1.26915  -1.40531  0  7.18184  -1.5553  0  
1.8  1.91123  -1.53994  0  5.7064  -1.15601  0  
1.9  2.37514  -1.62836  0  3.69901  -0.648949  0  
2  2.61764  -1.66233  0  1.34679  -0.081396  0  
2.1  2.61613  -1.63867  0  -1.13097  0.493744  0  
2.2  2.37074  -1.5596  0  -3.5033  1.02286  0  
2.3  1.90435  -1.43249  0  -5.54906  1.45662  0  
2.4  1.26044  -1.26918  0  -7.07753  1.7546  0  
2.5  0.499031  -1.0849  0  -7.94624  1.88901  0  
2.6  -0.308898  -0.896833  0  -8.0742  1.84733  0  
2.7  -1.08803  -0.722502  0  -7.44949  1.63345  0  
2.8  -1.76574  -0.578161  0  -6.13033  1.26729  0  
2.9  -2.27885  -0.477266  0  -4.23971  0.782996  0  
3  -2.57952  -0.429223  0  -1.95386  0.225712  0  
3.1  -2.63973  -0.438509  0  0.514123  -0.352613  0  
3.2  -2.45387  -0.50426  0  2.93418  -0.898067  0  
3.3  -2.03925  -0.620345  0  5.08072  -1.3598  0  
3.4  -1.43454  -0.775944  0  6.75363  -1.69478  0  
3.5  -0.6961  -0.956552  0  7.79697  -1.87177  0  
3.6  0.10723  -1.14533  0  8.11348  -1.87427  0  
3.7  0.900564  -1.32469  0  7.67365  -1.70206  0  
3.8  1.60995  -1.4779  0  6.51849  -1.37117  0  
3.9  2.16925  -1.59068  0  4.75567  -0.912472  0  
4  2.52634  -1.65252  0  2.54953  -0.36871  0  
4.1  2.64792  -1.65766  0  0.105726  0.209423  0  
4.2  2.52267  -1.60561  0  -2.34794  0.768034  0  
4.3  2.16225  -1.50123  0  -4.58272  1.25505  0  
4.4  1.60027  -1.35424  0  -6.39031  1.62507  0  
4.5  0.889106  -1.17836  0  -7.60219  1.8436  0  
4.6  0.0950649  -0.989973  0  -8.1054  1.89027  0  
4.7  -0.707838  -0.806642  0  -7.85303  1.76073  0  
4.8  -1.44476  -0.645458  0  -6.8686  1.46706  0  
4.9  -2.047  -0.521447  0  -5.24387  1.03662  0  
5  -2.45841  -0.446168  0  -3.13032  0.509556  0  
5.1  -2.64066  -0.42664  0  -0.724958  -0.0650113  0  
5.2  -2.57674  -0.464682  0  1.74798  -0.633519  0  
5.3  -2.27262  -0.556749  0  4.05798  -1.14297  0  
5.4  -1.75665  -0.694258  0  5.98969  -1.54587  0  
5.5  -1.07692  -0.86439  0  7.36305  -1.80467  0  
5.6  -0.296805  -1.05129  0  8.05002  -1.89524  0  
5.7  0.510982  -1.23752  0  7.98657  -1.80913  0  
5.8  1.27113  -1.40574  0  7.17862  -1.55438  0  
5.9  1.91279  -1.54026  0  5.70147  -1.15472  0  
6  2.37614  -1.62853  0  3.69284  -0.647429  0  
6.1  2.61798  -1.66234  0  1.33996  -0.07978  0  
6.2  2.61578  -1.63853  0  -1.13783  0.495306  0  
6.3  2.36974  -1.55931  0  -3.50955  1.02422  0  
6.4  1.90278  -1.43208  0  -5.55411  1.45766  0  
6.5  1.25845  -1.26869  0  -7.08092  1.75521  0  
6.6  0.496812  -1.08438  0  -7.94765  1.88914  0  
6.7  -0.311143  -0.896321  0  -8.0735  1.84697  0  
6.8  -1.09009  -0.722051  0  -7.44674  1.63262  0  
6.9  -1.76742  -0.577814  0  -6.12579  1.26609  0  
7  -2.28  -0.477056  0  -4.2338  0.781522  0  
7.1  -2.58003  -0.429168  0  -1.94714  0.224106  0  
7.2  -2.63955  -0.438615  0  0.521036  -0.354202  0  
7.3  -2.45302  -0.504517  0  2.94064  -0.899491  0  
7.4  -2.03781  -0.620729  0  5.08612  -1.36093  0  
7.5  -1.43264  -0.77642  0  6.75747  -1.6955  0  
7.6  -0.69392  -0.957074  0  7.79889  -1.87202  0  
7.7  0.109488  -1.14585  0  8.1133  -1.87403  0  
7.8  0.902688  -1.32516  0  7.67139  -1.70134  0  
7.9  1.61174  -1.47827  0  6.51436  -1.37006  0  
8  2.17055  -1.59092  0  4.75006  -0.911054  0  
8.1  2.52702  -1.65261  0  2.54296  -0.367123  0  
8.2  2.64792  -1.65759  0  0.0988001  0.211031  0  
8.3  2.52198  -1.60539  0  -2.35457  0.769513  0  
8.4  2.16094  -1.50087  0  -4.58844  1.25626  0  
8.5  1.59846  -1.35379  0  -6.39458  1.6259  0  
8.6  0.886977  -1.17785  0  -7.60462  1.84397  0  
8.7  0.0928064  -0.989447  0  -8.10575  1.89015  0  
8.8  -0.710016  -0.806155  0  -7.85128  1.76013  0  
8.9  -1.44665  -0.645055  0  -6.8649  1.46603  0  
9  -2.04843  -0.521165  0  -5.23859  1.03527  0  
9.1  -2.45925  -0.446034  0  -3.12393  0.507998  0  
9.2  -2.64083  -0.426666  0  -0.718059  -0.0666279  0  
9.3  -2.57622  -0.464866  0  1.75475  -0.635043  0  
9.4  -2.27146  -0.557074  0  4.06398  -1.14426  0  
9.5  -1.75496  -0.694693  0  5.99436  -1.54681  0  
9.6  -1.07486  -0.864895  0  7.36596  -1.80516  0  
9.7  -0.294559  -1.05181  0  8.0509  -1.89524  0  
9.8  0.513199  -1.23802  0  7.98533  -1.80865  0  
9.9  1.27312  -1.40617  0  7.17538  -1.55345  0  
