0  0.787   0
0.1  0.782101   -0.0978723
0.2  0.767466   -0.194526
0.3  0.743277   -0.288758
0.4  0.709834   -0.379396
0.5  0.667555   -0.46531
0.6  0.616966   -0.545432
0.7  0.558695   -0.618763
0.8  0.49347   -0.684392
0.9  0.422101   -0.7415
1  0.345478   -0.789378
1.1  0.264554   -0.827428
1.2  0.180336   -0.855178
1.3  0.0938733   -0.872282
1.4  0.00624192   -0.878527
1.5  -0.0814671   -0.873835
1.6  -0.168162   -0.858264
1.7  -0.252763   -0.832009
1.8  -0.334218   -0.795396
1.9  -0.411512   -0.748881
2  -0.483683   -0.693044
2.1  -0.549833   -0.628578
2.2  -0.609138   -0.556288
2.3  -0.66086   -0.477072
2.4  -0.704354   -0.391917
2.5  -0.73908   -0.301883
2.6  -0.764605   -0.208091
2.7  -0.780612   -0.111709
2.8  -0.786901   -0.0139357
2.9  -0.783393   0.084011
3  -0.770133   0.180912
3.1  -0.747286   0.27556
3.2  -0.715136   0.366779
3.3  -0.674083   0.453431
3.4  -0.624638   0.534438
3.5  -0.567417   0.608792
3.6  -0.503132   0.675567
3.7  -0.432584   0.733933
3.8  -0.356651   0.783161
3.9  -0.276277   0.82264
4  -0.192465   0.851877
4.1  -0.106256   0.87051
4.2  -0.0187242   0.878305
4.3  0.0690405   0.875167
4.4  0.155946   0.861133
4.5  0.240909   0.83638
4.6  0.322874   0.801214
4.7  0.400819   0.756074
4.8  0.473775   0.701521
4.9  0.540832   0.638235
5  0.601157   0.567004
5.1  0.653997   0.488714
5.2  0.698696   0.40434
5.3  0.734697   0.314932
5.4  0.761552   0.221604
5.5  0.778926   0.125517
5.6  0.786603   0.0278678
5.7  0.784488   -0.0701286
5.8  0.772607   -0.167252
5.9  0.751107   -0.262293
6  0.720257   -0.354069
6.1  0.68044   -0.441437
6.2  0.632153   -0.52331
6.3  0.575996   -0.598668
6.4  0.512668   -0.666573
6.5  0.442958   -0.72618
6.6  0.367734   -0.776747
6.7  0.287931   -0.817644
6.8  0.204545   -0.848362
6.9  0.118611   -0.868518
7  0.0312017   -0.877863
7.1  -0.0565965   -0.876279
7.2  -0.14369   -0.863786
7.3  -0.228995   -0.84054
7.4  -0.311449   -0.80683
7.5  -0.390026   -0.763076
7.6  -0.463747   -0.709822
7.7  -0.531695   -0.647731
7.8  -0.593024   -0.577577
7.9  -0.646971   -0.500233
8  -0.692863   -0.416661
8.1  -0.73013   -0.327902
8.2  -0.758307   -0.235061
8.3  -0.777044   -0.139294
8.4  -0.786108   -0.041793
8.5  -0.785386   0.0562285
8.6  -0.774886   0.15355
8.7  -0.754739   0.24896
8.8  -0.725197   0.341271
8.9  -0.686627   0.429333
9  -0.639509   0.51205
9.1  -0.58443   0.588393
9.2  -0.522075   0.657411
9.3  -0.45322   0.718245
9.4  -0.378724   0.770137
9.5  -0.299513   0.812442
9.6  -0.216573   0.844633
9.7  -0.130937   0.866309
9.8  -0.0436714   0.8772
9.9  0.0441382   0.877171
10  0.131398   0.866221
10.1  0.217023   0.844489
10.2  0.299945   0.812243
10.3  0.379134   0.769886
10.4  0.453603   0.717944
10.5  0.522424   0.657064
10.6  0.584743   0.588005
10.7  0.639781   0.511626
10.8  0.686855   0.428877
10.9  0.725378   0.34079
11  0.754871   0.248459
11.1  0.774967   0.153036
11.2  0.785415   0.0557076
11.3  0.786085   -0.0423143
11.4  0.77697   -0.13981
11.5  0.758182   -0.235564
11.6  0.729955   -0.328386
11.7  0.692641   -0.41712
11.8  0.646704   -0.500662
11.9  0.592716   -0.57797
12  0.53135   -0.648083
12.1  0.463369   -0.710129
12.2  0.389619   -0.763334
12.3  0.311019   -0.807036
12.4  0.228547   -0.840691
12.5  0.14323   -0.863881
12.6  0.05613   -0.876316
12.7  -0.0316689   -0.877841
12.8  -0.119074   -0.868439
12.9  -0.204996   -0.848225
13  -0.288366   -0.817452
13.1  -0.368147   -0.776502
13.2  -0.443344   -0.725885
13.3  -0.513022   -0.666232
13.4  -0.576314   -0.598285
13.5  -0.632431   -0.52289
13.6  -0.680675   -0.440985
13.7  -0.720445   -0.353591
13.8  -0.751246   -0.261795
13.9  -0.772695   -0.166739
14  -0.784524   -0.0696082
14.1  -0.786588   0.0283895
14.2  -0.778858   0.126034
14.3  -0.761433   0.222109
14.4  -0.734529   0.315419
14.5  -0.69848   0.404803
14.6  -0.653736   0.489147
14.7  -0.600854   0.567402
14.8  -0.540492   0.638593
14.9  -0.473401   0.701834
15  -0.400416   0.756338
15.1  -0.322447   0.801427
15.2  -0.240464   0.836538
15.3  -0.155487   0.861235
15.4  -0.0685746   0.875211
15.5  0.0191916   0.878291
15.6  0.106719   0.870438
15.7  0.192918   0.851748
15.8  0.276715   0.822455
15.9  0.357067   0.782923
16  0.432974   0.733644
16.1  0.503491   0.675232
16.2  0.56774   0.608415
16.3  0.624921   0.534023
16.4  0.674323   0.452983
16.5  0.71533   0.366304
16.6  0.747431   0.275064
16.7  0.770228   0.180401
16.8  0.783436   0.0834912
16.9  0.786892   -0.0144576
17  0.780551   -0.112226
17.1  0.764493   -0.208598
17.2  0.738918   -0.302373
17.3  0.704144   -0.392384
17.4  0.660604   -0.477509
17.5  0.60884   -0.556691
17.6  0.549497   -0.628942
17.7  0.483313   -0.693363
17.8  0.411113   -0.749152
17.9  0.333794   -0.795616
18  0.25232   -0.832175
18.1  0.167705   -0.858373
18.2  0.0810019   -0.873886
18.3  -0.00670947   -0.87852
18.4  -0.0943373   -0.872218
18.5  -0.180791   -0.855057
18.6  -0.264993   -0.827251
18.7  -0.345897   -0.789147
18.8  -0.422495   -0.741218
18.9  -0.493833   -0.684063
19  -0.559023   -0.618391
19.1  -0.617254   -0.545021
19.2  -0.667801   -0.464866
19.3  -0.710034   -0.378924
19.4  -0.743428   -0.288265
19.5  -0.767568   -0.194017
19.6  -0.782151   -0.0973533
19.7  -0.786998   0.000521983
19.8  -0.782047   0.0983907
19.9  -0.76736   0.195035
20  -0.743121   0.289251
20.1  -0.709631   0.379866
20.2  -0.667306   0.465752
20.3  -0.616674   0.545839
20.4  -0.558365   0.619132
20.5  -0.493104   0.684717
20.6  -0.421706   0.741778
20.7  -0.345057   0.789605
20.8  -0.264113   0.827602
20.9  -0.17988   0.855296
21  -0.0934088   0.872342
21.1  -0.00577433   0.878528
21.2  0.081932   0.873778
21.3  0.168618   0.85815
21.4  0.253206   0.831839
21.5  0.334641   0.795172
21.6  0.41191   0.748606
21.7  0.484051   0.692721
21.8  0.550166   0.628212
21.9  0.609432   0.555882
22  0.661112   0.476632
22.1  0.704561   0.391449
22.2  0.739239   0.301392
22.3  0.764714   0.207584
22.4  0.780669   0.111191
22.5  0.786906   0.0134137
22.6  0.783346   -0.0845304
22.7  0.770035   -0.181422
22.8  0.747137   -0.276055
22.9  0.714939   -0.367252
23  0.673839   -0.453877
23.1  0.624352   -0.534851
23.2  0.567091   -0.609167
23.3  0.502771   -0.675899
23.4  0.432192   -0.734217
23.5  0.356233   -0.783395
23.6  0.275839   -0.82282
23.7  0.192011   -0.852002
23.8  0.105792   -0.870578
23.9  0.0182567   -0.878315
24  -0.0695061   -0.875119
24.1  -0.156404   -0.861028
24.2  -0.241354   -0.836217
24.3  -0.3233   -0.800997
24.4  -0.401221   -0.755806
24.5  -0.474147   -0.701205
24.6  -0.54117   -0.637875
24.7  -0.601457   -0.566604
24.8  -0.654256   -0.488279
24.9  -0.69891   -0.403875
25  -0.734863   -0.314444
25.1  -0.761668   -0.221099
25.2  -0.778991   -0.125
25.3  -0.786616   -0.027346
25.4  -0.784449   0.0706487
25.5  -0.772516   0.167764
25.6  -0.750965   0.262791
25.7  -0.720067   0.354546
25.8  -0.680204   0.441887
25.9  -0.631873   0.523728
26  -0.575676   0.599048
26.1  -0.512312   0.666911
26.2  -0.44257   0.726472
26.3  -0.367319   0.776988
26.4  -0.287495   0.817832
26.5  -0.204093   0.848495
26.6  -0.118149   0.868595
26.7  -0.0307344   0.877881
26.8  0.0570627   0.876239
26.9  0.144149   0.863688
27  0.229442   0.840386
27.1  0.311877   0.806621
27.2  0.390431   0.762815
27.3  0.464124   0.709512
27.4  0.532038   0.647377
27.5  0.59333   0.577182
27.6  0.647235   0.499802
27.7  0.693083   0.4162
27.8  0.730302   0.327417
27.9  0.75843   0.234558
28  0.777116   0.138778
28.1  0.786128   0.0412715
28.2  0.785353   -0.0567493
28.3  0.774802   -0.154064
28.4  0.754605   -0.24946
28.5  0.725013   -0.341751
28.6  0.686397   -0.429787
28.7  0.639235   -0.512473
28.8  0.584115   -0.588779
28.9  0.521723   -0.657755
29  0.452837   -0.718543
29.1  0.378313   -0.770386
29.2  0.29908   -0.812638
29.3  0.216123   -0.844774
29.4  0.130476   -0.866393
29.5  0.0432044   -0.877226
29.6  -0.044605   -0.877139
29.7  -0.131859   -0.866132
29.8  -0.217472   -0.844342
29.9  -0.300377   -0.812042
30  -0.379543   -0.769632
30.1  -0.453983   -0.717641
30.2  -0.522773   -0.656716
30.3  -0.585054   -0.587616
30.4  -0.640052   -0.5112
30.5  -0.687081   -0.42842
30.6  -0.725558   -0.340307
30.7  -0.755002   -0.247958
30.8  -0.775046   -0.152522
30.9  -0.785443   -0.0551865
31  -0.786061   0.0428356
31.1  -0.776893   0.140324
31.2  -0.758054   0.236066
31.3  -0.729778   0.32887
31.4  -0.692417   0.417579
31.5  -0.646436   0.501089
31.6  -0.592407   0.578362
31.7  -0.531004   0.648434
31.8  -0.46299   0.710434
31.9  -0.389212   0.76359
32  -0.310589   0.80724
32.1  -0.228099   0.84084
32.2  -0.14277   0.863973
32.3  -0.0556635   0.87635
32.4  0.032136   0.877818
32.5  0.119535   0.868357
32.6  0.205447   0.848087
32.7  0.288801   0.817258
32.8  0.368559   0.776256
32.9  0.443729   0.725589
33  0.513375   0.66589
33.1  0.576631   0.597901
33.2  0.632707   0.522469
33.3  0.680907   0.440533
33.4  0.720631   0.353112
33.5  0.751383   0.261296
33.6  0.772781   0.166226
33.7  0.784559   0.0690876
33.8  0.78657   -0.0289112
33.9  0.778789   -0.12655
34  0.761313   -0.222613
34.1  0.734359   -0.315906
34.2  0.698263   -0.405265
34.3  0.653474   -0.489579
34.4  0.60055   -0.567799
34.5  0.54015   -0.63895
34.6  0.473026   -0.702146
34.7  0.400013   -0.756602
34.8  0.32202   -0.801638
34.9  0.240018   -0.836695
