0  0   6
0.1  0.598754   5.96265
0.2  1.19005   5.85108
0.3  1.76654   5.66666
0.4  2.32103   5.4117
0.5  2.84663   5.08937
0.6  3.33679   4.70368
0.7  3.78541   4.25943
0.8  4.18691   3.76216
0.9  4.53628   3.21805
1  4.82918   2.63389
1.1  5.06196   2.01693
1.2  5.23173   1.37486
1.3  5.33636   0.715679
1.4  5.37457   0.0475877
1.5  5.34586   -0.621096
1.6  5.25061   -1.28205
1.7  5.08999   -1.92704
1.8  4.866   -2.54804
1.9  4.58144   -3.13732
2  4.23984   -3.68755
2.1  3.84546   -4.19187
2.2  3.40321   -4.644
2.3  2.91859   -5.03832
2.4  2.39763   -5.36992
2.5  1.84683   -5.63466
2.6  1.27304   -5.82927
2.7  0.683402   -5.9513
2.8  0.0852544   -5.99924
2.9  -0.513955   -5.9725
3  -1.10677   -5.87141
3.1  -1.6858   -5.69723
3.2  -2.24384   -5.45211
3.3  -2.77396   -5.13913
3.4  -3.26953   -4.76217
3.5  -3.72441   -4.32592
3.6  -4.13292   -3.83582
3.7  -4.48998   -3.29797
3.8  -4.79115   -2.71907
3.9  -5.03267   -2.10631
4  -5.21153   -1.46733
4.1  -5.32552   -0.810082
4.2  -5.37321   -0.142751
4.3  -5.35401   0.526357
4.4  -5.26816   1.18891
4.5  -5.11672   1.83667
4.6  -4.90159   2.46156
4.7  -4.62544   3.0558
4.8  -4.2917   3.61201
4.9  -3.90453   4.12324
5  -3.46876   4.58315
5.1  -2.98981   4.986
5.2  -2.47363   5.32678
5.3  -1.92666   5.60125
5.4  -1.35571   5.80599
5.5  -0.767878   5.93845
5.6  -0.170487   5.99698
5.7  0.429026   5.98085
5.8  1.0232   5.89027
5.9  1.60463   5.72636
6  2.16609   5.49116
6.1  2.70058   5.1876
6.2  3.20146   4.81946
6.3  3.66247   4.39133
6.4  4.0779   3.90852
6.5  4.44256   3.37706
6.6  4.75191   2.80356
6.7  5.0021   2.19516
6.8  5.19003   1.55943
6.9  5.31334   0.90428
7  5.37051   0.237878
7.1  5.36082   -0.431485
7.2  5.28439   -1.09548
7.3  5.14218   -1.74583
7.4  4.93595   -2.37445
7.5  4.66827   -2.97351
7.6  4.34248   -3.53556
7.7  3.96263   -4.05358
7.8  3.53345   -4.52115
7.9  3.06028   -4.93243
8  2.54901   -5.28231
8.1  2.00601   -5.56643
8.2  1.43804   -5.78125
8.3  0.852161   -5.9241
8.4  0.255677   -5.9932
8.5  -0.34399   -5.98769
8.6  -0.939374   -5.90764
8.7  -1.52306   -5.75405
8.8  -2.08779   -5.52882
8.9  -2.62653   -5.23477
9  -3.13257   -4.87554
9.1  -3.59962   -4.45563
9.2  -4.02185   -3.98024
9.3  -4.39401   -3.4553
9.4  -4.71147   -2.88735
9.5  -4.97028   -2.28345
9.6  -5.16721   -1.65113
9.7  -5.29982   -0.998251
9.8  -5.36645   -0.332946
9.9  -5.36627   0.336505
10  -5.29929   1.00177
10.1  -5.16633   1.65456
10.2  -4.96906   2.28675
10.3  -4.70993   2.89047
10.4  -4.39217   3.45822
10.5  -4.01973   3.98291
10.6  -3.59724   4.45801
10.7  -3.12998   4.87762
10.8  -2.62374   5.23651
10.9  -2.08485   5.5302
11  -1.52   5.75506
11.1  -0.936229   5.90826
11.2  -0.340803   5.98792
11.3  0.258867   5.99303
11.4  0.855313   5.92353
11.5  1.44111   5.78029
11.6  2.00897   5.56509
11.7  2.55182   5.28062
11.8  3.0629   4.9304
11.9  3.53585   4.5188
12  3.96478   4.05095
12.1  4.34436   3.53267
12.2  4.66985   2.97041
12.3  4.93721   2.37118
12.4  5.1431   1.74242
12.5  5.28497   1.09197
12.6  5.36104   0.427929
12.7  5.37038   -0.24144
12.8  5.31285   -0.907804
12.9  5.18919   -1.56287
13  5.00093   -2.19847
13.1  4.75041   -2.80671
13.2  4.44075   -3.38001
13.3  4.07581   -3.91122
13.4  3.66013   -4.39375
13.5  3.19889   -4.82158
13.6  2.69782   -5.18939
13.7  2.16317   -5.49259
13.8  1.60158   -5.72741
13.9  1.02006   -5.89094
14  0.425842   -5.98113
14.1  -0.173679   -5.99686
14.2  -0.771038   -5.93793
14.3  -1.3588   -5.80508
14.4  -1.92964   -5.59997
14.5  -2.47646   -5.32514
14.6  -2.99246   -4.98401
14.7  -3.4712   -4.58084
14.8  -3.90672   -4.12065
14.9  -4.29361   -3.60915
15  -4.62705   -3.05273
15.1  -4.90289   -2.4583
15.2  -5.11769   -1.83327
15.3  -5.26878   -1.18542
15.4  -5.35428   -0.522805
15.5  -5.37313   0.146315
15.6  -5.32508   0.813613
15.7  -5.21074   1.47078
15.8  -5.03154   2.10964
15.9  -4.78969   2.72224
16  -4.48822   3.30095
16.1  -4.13087   3.83856
16.2  -3.7221   4.32839
16.3  -3.26699   4.76433
16.4  -2.77122   5.14096
16.5  -2.24094   5.45359
16.6  -1.68276   5.69833
16.7  -1.10364   5.87213
16.8  -0.510775   5.97283
16.9  0.0884471   5.99917
17  0.686568   5.95083
17.1  1.27614   5.82841
17.2  1.84983   5.63343
17.3  2.40049   5.36831
17.4  2.92126   5.03637
17.5  3.40567   4.64173
17.6  3.84768   4.18931
17.7  4.24179   3.68473
17.8  4.58309   3.13428
17.9  4.86734   2.54481
18  5.091   1.92366
18.1  5.25128   1.27856
18.2  5.34618   0.617549
18.3  5.37453   -0.0511523
18.4  5.33597   -0.719217
18.5  5.23098   -1.37833
18.6  5.06088   -2.02028
18.7  4.82777   -2.63708
18.8  4.53456   -3.22105
18.9  4.18489   -3.76493
19  3.78313   -4.26193
19.1  3.33428   -4.70588
19.2  2.84391   -5.09124
19.3  2.31815   -5.41322
19.4  1.76352   -5.66782
19.5  1.18694   -5.85185
19.6  0.595579   -5.96303
19.7  -0.00319334   -5.99998
19.8  -0.601926   -5.96224
19.9  -1.19316   -5.85027
20  -1.76955   -5.66547
20.1  -2.32391   -5.41014
20.2  -2.84933   -5.08746
20.3  -3.33928   -4.70145
20.4  -3.78767   -4.25691
20.5  -4.1889   -3.75937
20.6  -4.53798   -3.21504
20.7  -4.83057   -2.63068
20.8  -5.06302   -2.01356
20.9  -5.23245   -1.37139
21  -5.33673   -0.712138
21.1  -5.37458   -0.0440228
21.2  -5.34552   0.62464
21.3  -5.24991   1.28553
21.4  -5.08895   1.93041
21.5  -4.86463   2.55126
21.6  -4.57975   3.14035
21.7  -4.23786   3.69035
21.8  -3.84322   4.1944
21.9  -3.40072   4.64624
22  -2.9159   5.04024
22.1  -2.39477   5.37149
22.2  -1.84383   5.63587
22.3  -1.26994   5.83009
22.4  -0.680233   5.95173
22.5  -0.0820612   5.99928
22.6  0.517132   5.97215
22.7  1.10989   5.87066
22.8  1.68883   5.69609
22.9  2.24674   5.45061
23  2.77668   5.13728
23.1  3.27206   4.75999
23.2  3.7267   4.32344
23.3  4.13495   3.83307
23.4  4.49173   3.29499
23.5  4.79258   2.71588
23.6  5.03377   2.10296
23.7  5.2123   1.46387
23.8  5.32594   0.806547
23.9  5.37327   0.139187
24  5.35372   -0.529907
24.1  5.26751   -1.1924
24.2  5.11573   -1.84006
24.3  4.90027   -2.4648
24.4  4.6238   -3.05886
24.5  4.28976   -3.61484
24.6  3.90233   -4.12582
24.7  3.46631   -4.58544
24.8  2.98715   -4.98797
24.9  2.47079   -5.32841
25  1.92368   -5.60251
25.1  1.35262   -5.80687
25.2  0.764715   -5.93894
25.3  0.167295   -5.99707
25.4  -0.432208   -5.98055
25.5  -1.02633   -5.88957
25.6  -1.60768   -5.72528
25.7  -2.16901   -5.48971
25.8  -2.70334   -5.1858
25.9  -3.20401   -4.81733
26  -3.6648   -4.38889
26.1  -4.07997   -3.90581
26.2  -4.44434   -3.37411
26.3  -4.75339   -2.8004
26.4  -5.00326   -2.19183
26.5  -5.19084   -1.55598
26.6  -5.31381   -0.900754
26.7  -5.37062   -0.234316
26.8  -5.36057   0.43504
26.9  -5.28379   1.09898
27  -5.14123   1.74924
27.1  -4.93467   2.37772
27.2  -4.66668   2.9766
27.3  -4.34059   3.53843
27.4  -3.96046   4.0562
27.5  -3.53103   4.52348
27.6  -3.05764   4.93445
27.7  -2.54619   5.28399
27.8  -2.00304   5.56774
27.9  -1.43496   5.78219
28  -0.849006   5.92465
28.1  -0.252487   5.99335
28.2  0.347175   5.98745
28.3  0.942516   5.907
28.4  1.52612   5.75302
28.5  2.09073   5.52742
28.6  2.62931   5.23301
28.7  3.13516   4.87345
28.8  3.60198   4.45323
28.9  4.02395   3.97756
29  4.39584   3.45238
29.1  4.713   2.88422
29.2  4.97148   2.28015
29.3  5.16808   1.6477
29.4  5.30034   0.994733
29.5  5.36661   0.329385
29.6  5.36608   -0.340063
29.7  5.29874   -1.00528
29.8  5.16544   -1.65798
29.9  4.96783   -2.29004
30  4.70838   -2.89359
30.1  4.39032   -3.46112
30.2  4.0176   -3.98556
30.3  3.59486   -4.46039
30.4  3.12737   -4.87968
30.5  2.62095   -5.23823
30.6  2.0819   -5.53157
30.7  1.51693   -5.75605
30.8  0.933082   -5.90887
30.9  0.337615   -5.98813
31  -0.262056   -5.99284
31.1  -0.858464   -5.92295
31.2  -1.44418   -5.77932
31.3  -2.01193   -5.56375
31.4  -2.55462   -5.27891
31.5  -3.06552   -4.92835
31.6  -3.53825   -4.51645
31.7  -3.96693   -4.04831
31.8  -4.34623   -3.52978
31.9  -4.67142   -2.96731
32  -4.93846   -2.36789
32.1  -5.14401   -1.739
32.2  -5.28553   -1.08846
32.3  -5.36125   -0.424372
32.4  -5.37023   0.245001
32.5  -5.31236   0.911325
32.6  -5.18834   1.5663
32.7  -4.99974   2.20178
32.8  -4.7489   2.80985
32.9  -4.43894   3.38294
33  -4.07372   3.91392
33.1  -3.65778   4.39617
33.2  -3.19631   4.82369
33.3  -2.69505   5.19116
33.4  -2.16024   5.49401
33.5  -1.59853   5.72846
33.6  -1.01692   5.8916
33.7  -0.422658   5.98139
33.8  0.17687   5.99672
33.9  0.774196   5.9374
34  1.36188   5.80416
34.1  1.93262   5.59867
34.2  2.47929   5.32348
34.3  2.9951   4.98201
34.4  3.47362   4.57853
34.5  3.90891   4.11805
34.6  4.29552   3.6063
34.7  4.62867   3.04965
34.8  4.90419   2.45504
34.9  5.11865   1.82987
35  5.2694   1.18192
8.3
