0  0   6
0.1  0.599888   5.99327
0.2  1.19575   5.89297
0.3  1.76781   5.4698
0.4  2.26843   4.41691
0.5  2.62318   2.54967
0.6  2.7568   0.0664162
0.7  2.63561   -2.43408
0.8  2.29037   -4.3408
0.9  1.7953   -5.43241
1  1.2256   -5.87998
1.1  0.630455   -5.99003
1.2  0.0307818   -5.99823
1.3  -0.568961   -5.99279
1.4  -1.16514   -5.90181
1.5  -1.73916   -5.50293
1.6  -2.24499   -4.4899
1.7  -2.60924   -2.66501
1.8  -2.75571   -0.20255
1.9  -2.64764   2.31317
2  -2.3126   4.25984
2.1  -1.82352   5.39199
2.2  -1.25642   5.86569
2.3  -0.662057   5.98649
2.4  -0.0626077   5.99647
2.5  0.536984   5.99215
2.6  1.13345   5.91016
2.7  1.70938   5.53548
2.8  2.22038   4.56296
2.9  2.59422   2.78227
3  2.75384   0.343017
3.1  2.65942   -2.18657
3.2  2.33513   -4.1738
3.3  1.85246   -5.34835
3.4  1.28819   -5.84998
3.5  0.694689   -5.9826
3.6  0.0954763   -5.9947
3.7  -0.503961   -5.99136
3.8  -1.10068   -5.91799
3.9  -1.67844   -5.56731
4  -2.19458   -4.63587
4.1  -2.57806   -2.90119
4.2  -2.75113   -0.487671
4.3  -2.67087   2.05418
4.4  -2.3579   4.08244
4.5  -1.88209   5.30125
4.6  -1.32089   5.83269
4.7  -0.728347   5.97831
4.8  -0.129386   5.99293
4.9  0.469891   5.99041
5  1.06683   5.92528
5.1  1.64636   5.5983
5.2  2.16755   4.7084
5.3  2.56072   3.02147
5.4  2.74751   0.636341
5.5  2.68192   -1.91595
5.6  2.38085   -3.98553
5.7  1.91236   -5.25044
5.8  1.3545   -5.81368
5.9  0.763027   -5.97355
6  0.164335   -5.99115
6.1  -0.434779   -5.98933
6.2  -1.0319   -5.93198
6.3  -1.61311   -5.62835
6.4  -2.13927   -4.78032
6.5  -2.54215   -3.14284
6.6  -2.74289   -0.788836
6.7  -2.69247   1.77184
6.8  -2.40392   3.88284
6.9  -1.94325   5.19566
7  -1.38902   5.79274
7.1  -0.798723   5.96824
7.2  -0.200323   5.98935
7.3  0.398625   5.98812
7.4  0.995893   5.93808
7.5  1.57871   5.65736
7.6  2.10973   4.85141
7.7  2.5223   3.26499
7.8  2.73722   0.944935
7.9  2.70245   -1.62181
8  2.42702   -3.77412
8.1  1.9747   -5.13662
8.2  1.42442   -5.7697
8.3  0.835429   -5.9623
8.4  0.237346   -5.98751
8.5  -0.361432   -5.98679
8.6  -0.958815   -5.94357
8.7  -1.54314   -5.68521
8.8  -2.07891   -4.92144
8.9  -2.50112   -3.3876
9  -2.7304   -1.10439
9.1  -2.71177   1.46588
9.2  -2.45009   3.65914
9.3  -2.00666   5.07304
9.4  -1.46067   5.74433
9.5  -0.873136   5.95562
9.6  -0.275404   5.98563
9.7  0.323202   5.98536
9.8  0.920666   5.94844
9.9  1.5064   5.71183
10  2.04679   4.9902
10.1  2.47857   3.51036
10.2  2.72237   1.26694
10.3  2.72033   -1.30406
10.4  2.47304   -3.53768
10.5  2.03909   -5.00461
10.6  1.49776   -5.71642
10.7  0.911838   -5.94811
10.8  0.314495   -5.98367
10.9  -0.283936   -5.98384
11  -0.881449   -5.95268
11.1  -1.4685   -5.73714
11.2  -2.01336   -5.05748
11.3  -2.45461   -3.63292
11.4  -2.71304   -1.43227
11.5  -2.72803   1.13642
11.6  -2.49579   3.40952
11.7  -2.07192   4.93101
11.8  -1.53565   5.6857
11.9  -0.951525   5.93962
12  -0.354616   5.9816
12.1  0.243638   5.98224
12.2  0.841168   5.95631
12.3  1.42944   5.76106
12.4  1.9786   5.12306
12.5  2.4292   3.75495
12.6  2.70235   1.60007
12.7  2.73479   -0.963034
12.8  2.51825   -3.27445
12.9  2.1051   -4.8519
13  1.57431   -5.65192
13.1  0.992185   -5.93002
13.2  0.395765   -5.9794
13.3  -0.202308   -5.98059
13.4  -0.799826   -5.95933
13.5  -1.38921   -5.78355
13.6  -1.94251   -5.18677
13.7  -2.4023   -3.87611
13.8  -2.69021   -1.76998
13.9  -2.7405   0.784033
14  -2.54032   3.13229
14.1  -2.13855   4.76697
14.2  -1.61371   5.61479
14.3  -1.03381   5.91917
14.4  -0.437939   5.97702
14.5  0.159948   5.9789
14.6  0.757428   5.96177
14.7  1.34783   5.80455
14.8  1.90507   5.24841
14.9  2.37387   3.99605
15  2.67657   1.94162
15.1  2.74507   -0.599574
15.2  2.5619   -2.98286
15.3  2.1722   -4.67584
15.4  1.65381   -5.574
15.5  1.07638   -5.90687
15.6  0.481135   -5.9744
15.7  -0.116561   -5.97718
15.8  -0.713978   -5.96364
15.9  -1.30529   -5.82403
16  -1.86628   -5.30782
16.1  -2.34389   -4.11443
16.2  -2.66134   -2.11459
16.3  -2.74838   0.409856
16.4  -2.58288   2.82601
16.5  -2.20598   4.57818
16.6  -1.69456   5.52922
16.7  -1.11988   5.89294
16.8  -0.525349   5.97148
16.9  0.0721478   5.97545
17  0.66948   5.96497
17.1  1.26159   5.84197
17.2  1.82613   5.36483
17.3  2.31232   4.2309
17.4  2.64445   2.28846
17.5  2.75034   -0.215119
17.6  2.60316   -2.66162
17.7  2.2398   -4.47363
17.8  1.73593   -5.4801
17.9  1.16429   -5.87717
18  0.570577   -5.96818
18.1  -0.0267098   -5.97371
18.2  -0.623937   -5.9658
18.3  -1.21676   -5.85836
18.4  -1.78464   -5.41931
18.5  -2.27915   -4.34513
18.6  -2.62585   -2.46279
18.7  -2.75083   0.015648
18.8  -2.62262   2.48961
18.9  -2.27357   4.36183
19  -1.77785   5.42627
19.1  -1.20959   5.85932
19.2  -0.616814   5.96442
19.3  -0.0197514   5.97197
19.4  0.577355   5.96617
19.5  1.17079   5.8732
19.6  1.74179   5.47113
19.7  2.24434   4.45679
19.8  2.60547   2.6371
19.9  2.74977   0.188229
20  2.64115   -2.30992
20.1  2.3072   -4.24242
20.2  1.82027   -5.36734
20.3  1.25576   -5.83914
20.4  0.664053   -5.96008
20.5  0.0672342   -5.97023
20.6  -0.529738   -5.96612
20.7  -1.12368   -5.8865
20.8  -1.6976   -5.52019
20.9  -2.20789   -4.56556
21  -2.58325   -2.81091
21.1  -2.74703   -0.396137
21.2  -2.65861   2.12253
21.3  -2.34057   4.11505
21.4  -1.86313   5.3029
21.5  -1.30277   5.81632
21.6  -0.712288   5.95505
21.7  -0.115737   5.96849
21.8  0.481089   5.9657
21.9  1.07546   5.8983
22  1.65206   5.56639
22.1  2.16978   4.67114
22.2  2.55914   2.98373
22.3  2.74252   0.607655
22.4  2.67489   -1.92749
22.5  2.37358   -3.9794
22.6  1.90635   -5.23251
22.7  1.35059   -5.79058
22.8  0.761508   -5.94919
22.9  0.165259   -5.96672
23  -0.431413   -5.96495
23.1  -1.02613   -5.90863
23.2  -1.6052   -5.60967
23.3  -2.13   -4.77325
23.4  -2.53309   -3.15504
23.5  -2.73614   -0.822317
23.6  -2.68984   1.72488
23.7  -2.40612   3.83513
23.8  -1.94987   5.15572
23.9  -1.39918   5.76156
24  -0.811704   5.94233
24.1  -0.215797   5.96492
24.2  0.380713   5.96393
24.3  0.975692   5.91754
24.4  1.55701   5.64998
24.5  2.08855   4.8716
24.6  2.50505   3.32435
24.7  2.72779   1.03961
24.8  2.70335   -1.51484
24.9  2.43805   -3.68196
25  1.99359   -5.07206
25.1  1.4485   -5.72889
25.2  0.862863   -5.93429
25.3  0.26735   -5.96303
25.4  -0.328992   -5.96269
25.5  -0.924163   -5.92509
25.6  -1.5075   -5.68729
25.7  -2.04543   -4.96596
25.8  -2.47499   -3.49112
25.9  -2.71738   -1.25898
26  -2.71526   1.29757
26.1  -2.46925   3.5196
26.2  -2.03743   4.98106
26.3  -1.49851   5.69219
26.4  -0.914971   5.92486
26.5  -0.319916   5.96102
26.6  0.276254   5.96127
26.7  0.87155   5.93136
26.8  1.45671   5.72159
26.9  2.00064   5.0561
27  2.44286   3.65486
27.1  2.7048   1.47983
27.2  2.72545   -1.07334
27.3  2.49958   -3.34781
27.4  2.08128   -4.88223
27.5  1.54916   -5.65102
27.6  0.96801   -5.9138
27.7  0.373491   -5.95883
27.8  -0.222501   -5.95972
27.9  -0.817864   -5.93642
28  -1.40463   -5.75291
28.1  -1.95419   -5.14184
28.2  -2.40866   -3.81506
28.3  -2.68998   -1.70153
28.4  -2.73378   0.842472
28.5  -2.52889   3.16642
28.6  -2.12505   4.77506
28.7  -1.60038   5.60492
28.8  -1.02196   5.90086
28.9  -0.428072   5.95636
29  0.167736   5.95808
29.1  0.763115   5.94037
29.2  1.35129   5.78127
29.3  1.90608   5.223
29.4  2.37234   3.97124
29.5  2.67283   1.92341
29.6  2.7401   -0.605373
29.7  2.55704   -2.97525
29.8  2.16861   -4.65905
29.9  1.65212   -5.5534
30  1.07679   -5.88572
30.1  0.483654   -5.95353
30.2  -0.11196   -5.95639
30.3  -0.70731   -5.9433
30.4  -1.2967   -5.80674
30.5  -1.85635   -5.29945
30.6  -2.33391   -4.12293
30.7  -2.65329   -2.14476
30.8  -2.74429   0.362516
30.9  -2.58386   2.77424
31  -2.21184   4.53372
31.1  -1.70431   5.49594
31.2  -1.13249   5.86806
31.3  -0.540232   5.95022
31.4  0.0551762   5.95467
31.5  0.650461   5.9453
31.6  1.24089   5.82939
31.7  1.805   5.37109
31.8  2.29335   4.26968
31.9  2.63127   2.36489
32  2.7462   -0.114448
32.1  2.60919   -2.56334
32.2  2.2546   -4.39857
32.3  1.75685   -5.43198
32.4  1.18901   -5.84751
32.5  0.597798   -5.94627
32.6  0.00261502   -5.95295
32.7  -0.592574   -5.9465
32.8  -1.18387   -5.84932
32.9  -1.75206   -5.43785
33  -2.25065   -4.41107
33.1  -2.60673   -2.58304
33.2  -2.7457   -0.138209
33.3  -2.63286   2.34261
33.4  -2.29675   4.25314
33.5  -1.80967   5.36095
33.6  -1.24632   5.82367
33.7  -0.656343   5.94152
33.8  -0.0614118   5.95124
33.9  0.533657   5.94699
34  1.12566   5.86664
34.1  1.69755   5.49969
34.2  2.20584   4.54673
34.3  2.5796   2.79847
34.4  2.74266   0.394765
34.5  2.65471   -2.11217
34.6  2.33813   -4.09697
34.7  1.86267   -5.28224
34.8  1.30437   -5.79609
34.9  0.715855   -5.93576
35  0.121213   -5.94951
3.5
