0  0   6
0.1  0.59999   5.99818
0.2  1.1972   5.89672
0.3  1.75144   4.9071
0.4  2.0841   1.34687
0.5  1.96997   -3.37132
0.6  1.50154   -5.54664
0.7  0.920134   -5.93738
0.8  0.324639   -5.9589
0.9  -0.271259   -5.95895
1  -0.866902   -5.94379
1.1  -1.45141   -5.62441
1.2  -1.93745   -3.69297
1.3  -2.08781   0.850051
1.4  -1.79163   4.62042
1.5  -1.25609   5.77624
1.6  -0.668537   5.91267
1.7  -0.0769637   5.91604
1.8  0.514638   5.91525
1.9  1.10464   5.8514
2  1.66444   5.11975
2.1  2.04677   2.10451
2.2  2.01336   -2.64244
2.3  1.59454   -5.26616
2.4  1.03014   -5.83313
2.5  0.443519   -5.87562
2.6  -0.144079   -5.87598
2.7  -0.73161   -5.87029
2.8  -1.31351   -5.69142
2.9  -1.83204   -4.34837
3  -2.08488   -0.400344
3.1  -1.89372   3.87704
3.2  -1.40249   5.56061
3.3  -0.827967   5.82566
3.4  -0.244409   5.83744
3.5  0.339337   5.83737
3.6  0.922648   5.81508
3.7  1.49189   5.43219
3.8  1.95116   3.35224
3.9  2.06724   -1.14232
4  1.75601   -4.63764
4.1  1.22613   -5.67441
4.2  0.64991   -5.79482
4.3  0.0701623   -5.79773
4.4  -0.509609   -5.79698
4.5  -1.08788   -5.73758
4.6  -1.63825   -5.06171
4.7  -2.02408   -2.24584
4.8  -2.01397   2.36068
4.9  -1.61975   5.07119
5  -1.0709   5.70522
5.1  -0.496223   5.75963
5.2  0.0798048   5.76029
5.3  0.655806   5.75721
5.4  1.22817   5.63485
5.5  1.75372   4.60019
5.6  2.05956   1.15873
5.7  1.94324   -3.24366
5.8  1.49506   -5.30596
5.9  0.937801   -5.69994
6  0.365812   -5.72491
6.1  -0.206693   -5.72504
6.2  -0.779075   -5.71665
6.3  -1.34447   -5.50668
6.4  -1.84065   -4.08702
6.5  -2.06811   -0.191109
6.6  -1.86818   3.84907
6.7  -1.38646   5.42489
6.8  -0.826412   5.67797
6.9  -0.257621   5.68988
7  0.311369   5.68984
7.1  0.880035   5.67259
7.2  1.43737   5.35903
7.3  1.90226   3.57404
7.4  2.05985   -0.597328
7.5  1.79808   -4.24453
7.6  1.2965   -5.47727
7.7  0.736645   -5.6484
7.8  0.171274   -5.65451
7.9  -0.394178   -5.65432
8  -0.958999   -5.62549
8.1  -1.50773   -5.20661
8.2  -1.94284   -3.11429
8.3  -2.0437   1.18777
8.4  -1.73907   4.48926
8.5  -1.22653   5.49213
8.6  -0.668378   5.61613
8.7  -0.106452   5.61963
8.8  0.45551   5.61921
8.9  1.01649   5.57831
9  1.55701   5.0679
9.1  1.96709   2.7491
9.2  2.02646   -1.58961
9.3  1.69455   -4.62794
9.4  1.17683   -5.48577
9.5  0.621124   -5.58343
9.6  0.0625695   -5.58573
9.7  -0.496002   -5.58507
9.8  -1.05328   -5.53433
9.9  -1.58687   -4.95925
10  -1.97907   -2.50339
10.1  -2.01258   1.82256
10.2  -1.66603   4.6901
10.3  -1.14704   5.46671
10.4  -0.594166   5.55108
10.5  -0.038891   5.55289
10.6  0.516394   5.55206
10.7  1.07021   5.49601
10.8  1.59876   4.89144
10.9  1.98157   2.38808
11  2.00447   -1.90455
11.1  1.65394   -4.69255
11.2  1.13659   -5.43888
11.3  0.586788   -5.51923
11.4  0.0347084   -5.52092
11.5  -0.51738   -5.52008
11.6  -1.06801   -5.46442
11.7  -1.59368   -4.86852
11.8  -1.97591   -2.40388
11.9  -2.00286   1.8466
12  -1.65803   4.64211
12.1  -1.14489   5.40346
12.2  -0.598368   5.48775
12.3  -0.0494183   5.48964
12.4  0.499544   5.48895
12.5  1.04722   5.43914
12.6  1.57205   4.88777
12.7  1.96201   2.54371
12.8  2.00709   -1.65193
12.9  1.6776   -4.53729
13  1.17138   -5.35946
13.1  0.628396   -5.45641
13.2  0.082528   -5.45892
13.3  -0.463363   -5.45845
13.4  -1.00827   -5.41844
13.5  -1.53381   -4.9406
13.6  -1.93851   -2.79319
13.7  -2.01518   1.31757
13.8  -1.71144   4.36879
13.9  -1.21547   5.30375
14  -0.676437   5.42488
14.1  -0.13361   5.42873
14.2  0.409263   5.42849
14.3  0.951481   5.39994
14.4  1.47862   5.01417
14.5  1.9031   3.12977
14.6  2.02376   -0.838469
14.7  1.75763   -4.11928
14.8  1.27644   -5.23025
14.9  0.742019   -5.39265
15  0.202189   -5.39927
15.1  -0.337738   -5.39919
15.2  -0.877304   -5.38143
15.3  -1.40617   -5.09377
15.4  -1.85296   -3.5219
15.5  -2.02811   0.214677
15.6  -1.81311   3.76343
15.7  -1.35311   5.12845
15.8  -0.824463   5.35853
15.9  -0.287599   5.37089
16  0.249495   5.37091
16.1  0.786429   5.36155
16.2  1.31655   5.16571
16.3  1.78545   3.93061
16.4  2.02233   0.539138
16.5  1.87327   -3.26919
16.6  1.4436   -4.98064
16.7  0.922811   -5.31943
16.8  0.388974   -5.3436
16.9  -0.145405   -5.34378
17  -0.679733   -5.33978
17.1  -1.21025   -5.22001
17.2  -1.69862   -4.31541
17.3  -1.99984   -1.3867
17.4  -1.93174   2.60159
17.5  -1.54521   4.7581
17.6  -1.03604   5.2683
17.7  -0.505602   5.3164
17.8  0.0261101   5.31715
17.9  0.557816   5.31585
18  1.08772   5.25174
18.1  1.59124   4.6427
18.2  1.95412   2.27071
18.3  1.98049   -1.73075
18.4  1.65437   -4.41703
18.5  1.16339   -5.19179
18.6  0.637323   -5.28749
18.7  0.108325   -5.29028
18.8  -0.420702   -5.28999
18.9  -0.949047   -5.26121
19  -1.46275   -4.89167
19.1  -1.87954   -3.11894
19.2  -2.0097   0.650806
19.3  -1.76563   3.89663
19.4  -1.30376   5.0665
19.5  -0.784121   5.25445
19.6  -0.257901   5.26382
19.7  0.268483   5.26381
19.8  0.794685   5.25368
19.9  1.31392   5.05685
20  1.773   3.85468
20.1  2.00816   0.587364
20.2  1.86967   -3.12663
20.3  1.45409   -4.85071
20.4  0.945108   -5.21014
20.5  0.421908   -5.23847
20.6  -0.101967   -5.23876
20.7  -0.625817   -5.23623
20.8  -1.14695   -5.14745
20.9  -1.63513   -4.42012
21  -1.96566   -1.8627
21.1  -1.95294   2.05165
21.2  -1.60846   4.47445
21.3  -1.11872   5.1348
21.4  -0.599658   5.21175
21.5  -0.0783033   5.21374
21.6  0.44307   5.21337
21.7  0.963654   5.18144
21.8  1.46878   4.79827
21.9  1.87574   3.02327
22  1.99953   -0.673471
22.1  1.75779   -3.83762
22.2  1.30312   -4.98912
22.3  0.791153   -5.17878
22.4  0.272455   -5.18878
22.5  -0.246425   -5.18879
22.6  -0.765165   -5.18057
22.7  -1.27801   -5.01137
22.8  -1.73799   -3.93991
22.9  -1.9932   -0.888271
23  -1.88671   2.83085
23.1  -1.49332   4.69972
23.2  -0.995397   5.1256
23.3  -0.4799   5.16457
23.4  0.0366122   5.16515
23.5  0.553118   5.16389
23.6  1.06794   5.10485
23.7  1.55883   4.55405
23.8  1.92245   2.39423
23.9  1.97343   -1.40084
24  1.67893   -4.14361
24.1  1.21009   -5.01257
24.2  0.700136   -5.13621
24.3  0.186095   -5.14112
24.4  -0.328017   -5.14105
24.5  -0.841829   -5.1265
24.6  -1.34699   -4.89417
24.7  -1.78566   -3.60775
24.8  -1.99499   -0.349936
24.9  -1.84243   3.16452
25  -1.4307   4.75839
25.1  -0.932761   5.0911
25.2  -0.421594   5.11787
25.3  0.090221   5.11815
25.4  0.602016   5.1161
25.5  1.11153   5.04078
25.6  1.59269   4.40908
25.7  1.93437   2.10734
25.8  1.95615   -1.65846
25.9  1.64538   -4.21352
26  1.17529   -4.9864
26.1  0.669222   -5.09134
26.2  0.159759   -5.09514
26.3  -0.349756   -5.09503
26.4  -0.858913   -5.07852
26.5  -1.35873   -4.83221
26.6  -1.78969   -3.51571
26.7  -1.98965   -0.266264
26.8  -1.83233   3.17445
26.9  -1.4223   4.72275
27  -0.928543   5.04637
27.1  -0.42189   5.07264
27.2  0.0854028   5.07293
27.3  0.592677   5.07104
27.4  1.09783   5.00048
27.5  1.57625   4.40294
27.6  1.9218   2.19575
27.7  1.9565   -1.50736
27.8  1.65893   -4.10953
27.9  1.19666   -4.92833
28  0.695571   -5.04586
28.1  0.190576   -5.05066
28.2  -0.314491   -5.05061
28.3  -0.819302   -5.03801
28.4  -1.31649   -4.83202
28.5  -1.75408   -3.6682
28.6  -1.98017   -0.611809
28.7  -1.85623   2.89229
28.8  -1.46585   4.60276
28.9  -0.980045   4.99235
29  -0.478077   5.02877
29.1  0.0248544   5.02934
29.2  0.527781   5.02835
29.3  1.02934   4.97971
29.4  1.51083   4.51317
29.5  1.88246   2.61586
29.6  1.96923   -0.957118
29.7  1.7151   -3.81445
29.8  1.27108   -4.82976
29.9  0.776526   -4.99847
30  0.275925   -5.00772
30.1  -0.224849   -5.00774
30.2  -0.725521   -5.00154
30.3  -1.22159   -4.86788
30.4  -1.6751   -3.99194
30.5  -1.95576   -1.33893
30.6  -1.90376   2.27058
30.7  -1.556   4.35855
30.8  -1.08429   4.91868
30.9  -0.587609   4.98522
31  -0.0889227   4.98705
31.1  0.409781   4.9868
31.2  0.90792   4.96343
31.3  1.39444   4.67143
31.4  1.8043   3.25326
31.5  1.97632   0.00443346
31.6  1.80237   -3.23766
31.7  1.39389   -4.65041
31.8  0.909443   -4.94258
31.9  0.413368   -4.96626
32  -0.083284   -4.96652
32.1  -0.57992   -4.96483
32.2  -1.07465   -4.90144
32.3  -1.54533   -4.36206
32.4  -1.89507   -2.33406
32.5  -1.95283   1.21749
32.6  -1.68212   3.88487
32.7  -1.23739   4.79295
32.8  -0.748052   4.93851
32.9  -0.253583   4.94602
33  0.241021   4.94602
33.1  0.735506   4.93923
33.2  1.22519   4.80184
33.3  1.67198   3.92707
33.4  1.94792   1.317
33.5  1.89748   -2.22228
33.6  1.55604   -4.28878
33.7  1.09108   -4.85447
33.8  0.600617   -4.92424
33.9  0.108008   -4.92632
34  -0.384624   -4.92614
34.1  -0.876806   -4.90691
34.2  -1.35906   -4.65349
34.3  -1.77328   -3.37574
34.4  -1.9673   -0.300104
34.5  -1.82238   2.98627
34.6  -1.43228   4.52779
34.7  -0.956785   4.87409
34.8  -0.466952   4.90639
34.9  0.023736   4.9069
35  0.51442   4.90603
2.4
