0  0   6
0.1  0.599999   5.9994
0.2  1.1979   5.88599
0.3  1.71244   3.68132
0.4  1.6981   -3.48035
0.5  1.20423   -5.64028
0.6  0.63032   -5.76261
0.7  0.0539746   -5.76347
0.8  -0.522373   -5.76325
0.9  -1.09772   -5.70416
1  -1.62456   -4.29559
1.1  -1.74129   1.92392
1.2  -1.34587   5.14237
1.3  -0.808049   5.45308
1.4  -0.262222   5.4588
1.5  0.283658   5.45879
1.6  0.829468   5.45181
1.7  1.36591   5.1017
1.8  1.74242   1.78532
1.9  1.59762   -4.00706
2  1.10606   -5.32197
2.1  0.568458   -5.38833
2.2  0.029585   -5.38874
2.3  -0.509289   -5.38856
2.4  -1.04741   -5.34529
2.5  -1.55119   -4.33309
2.6  -1.74212   0.751991
2.7  -1.43373   4.63035
2.8  -0.931301   5.17392
2.9  -0.412391   5.1917
3  0.106784   5.19175
3.1  0.625954   5.19089
3.2  1.14319   5.10192
3.3  1.60552   3.66807
3.4  1.70706   -1.64098
3.5  1.35867   -4.62502
3.6  0.869537   -4.98867
3.7  0.369743   -4.99941
3.8  -0.130199   -4.99943
3.9  -0.630137   -4.99851
4  -1.12821   -4.91565
4.1  -1.57724   -3.64168
4.2  -1.70296   1.2216
4.3  -1.39011   4.37088
4.4  -0.920692   4.82212
4.5  -0.43704   4.83934
4.6  0.0469008   4.83941
4.7  0.530841   4.83915
4.8  1.01405   4.80238
4.9  1.47191   4.07864
5  1.7083   0.272984
5.1  1.5009   -3.82722
5.2  1.05858   -4.69776
5.3  0.584657   -4.75016
5.4  0.109591   -4.75069
5.5  -0.365479   -4.75067
5.6  -0.840424   -4.7421
5.7  -1.30703   -4.463
5.8  -1.66184   -2.13102
5.9  -1.61797   2.70416
6  -1.23347   4.48168
6.1  -0.772043   4.66021
6.2  -0.305628   4.6647
6.3  0.160843   4.66471
6.4  0.627307   4.66379
6.5  1.09216   4.59565
6.6  1.51901   3.61196
6.7  1.68967   -0.432516
6.8  1.44637   -3.86156
6.9  1.01464   -4.52352
7  0.559216   -4.56238
7.1  0.102941   -4.56277
7.2  -0.353336   -4.56275
7.3  -0.809516   -4.55614
7.4  -1.2593   -4.34126
7.5  -1.62177   -2.45937
7.6  -1.63421   2.06681
7.7  -1.29607   4.1833
7.8  -0.857968   4.45869
7.9  -0.411216   4.46928
8  0.0357164   4.46932
8.1  0.482648   4.46919
8.2  0.929191   4.44939
8.3  1.36179   4.03864
8.4  1.65811   1.45145
8.5  1.57339   -2.80789
8.6  1.1995   -4.25539
8.7  0.762904   -4.40565
8.8  0.321969   -4.40993
8.9  -0.119025   -4.40994
9  -0.560017   -4.40954
9.1  -1.0002   -4.37377
9.2  -1.41904   -3.79064
9.3  -1.66678   -0.784819
9.4  -1.5292   3.12209
9.5  -1.14335   4.24732
9.6  -0.710869   4.35125
9.7  -0.275525   4.35375
9.8  0.15985   4.35375
9.9  0.59522   4.35311
10  1.0295   4.3077
10.1  1.43868   3.64566
10.2  1.66435   0.524318
10.3  1.5102   -3.18188
10.4  1.12502   -4.20176
10.5  0.69794   -4.29427
10.6  0.268319   -4.29646
10.7  -0.161327   -4.29646
10.8  -0.590969   -4.29585
10.9  -1.01959   -4.25329
11  -1.4248   -3.63522
11.1  -1.65748   -0.667728
11.2  -1.51888   3.04595
11.3  -1.14342   4.13414
11.4  -0.722148   4.24047
11.5  -0.297852   4.24334
11.6  0.126483   4.24335
11.7  0.550815   4.24299
11.8  0.974457   4.21287
11.9  1.38048   3.73158
12  1.64345   1.14634
12.1  1.54961   -2.70818
12.2  1.19398   -4.03669
12.3  0.779344   -4.18806
12.4  0.360094   -4.19333
12.5  -0.05924   -4.19334
12.6  -0.478574   -4.19321
12.7  -0.897579   -4.17728
12.8  -1.30594   -3.86745
12.9  -1.61168   -1.85641
13  -1.59193   2.0854
13.1  -1.27342   3.86553
13.2  -0.868832   4.1216
13.3  -0.455664   4.13408
13.4  -0.0422471   4.13417
13.5  0.37117   4.13415
13.6  0.784494   4.12855
13.7  1.19308   3.97615
13.8  1.54261   2.68273
13.9  1.63157   -0.979425
14  1.38471   -3.51514
14.1  0.998524   -4.02809
14.2  0.592822   -4.06595
14.3  0.186168   -4.0666
14.4  -0.220492   -4.0666
14.5  -0.627142   -4.0656
14.6  -1.03249   -4.0163
14.7  -1.41369   -3.40688
14.8  -1.63455   -0.690853
14.9  -1.51467   2.76222
15  -1.16653   3.88677
15.1  -0.76845   4.01725
15.2  -0.366317   4.02213
15.3  0.0358978   4.02215
15.4  0.438112   4.02208
15.5  0.840133   4.01226
15.6  1.23527   3.80654
15.7  1.55872   2.32432
15.8  1.61085   -1.28585
15.9  1.35064   -3.50383
16  0.97127   -3.93152
16.1  0.575736   -3.96265
16.2  0.179423   -3.96318
16.3  -0.216895   -3.96318
16.4  -0.613205   -3.96233
16.5  -1.00841   -3.92047
16.6  -1.38313   -3.40037
16.7  -1.6183   -0.976851
16.8  -1.53098   2.46283
16.9  -1.20432   3.7427
17  -0.817918   3.91437
17.1  -0.425823   3.92249
17.2  -0.0335685   3.92255
17.3  0.358686   3.92253
17.4  0.750871   3.91838
17.5  1.1396   3.80753
17.6  1.48521   2.84174
17.7  1.62299   -0.268063
17.8  1.43801   -3.0594
17.9  1.08399   -3.79638
18  0.698837   -3.87182
18.1  0.311452   -3.87421
18.2  -0.0759695   -3.87421
18.3  -0.463391   -3.87411
18.4  -0.850572   -3.86294
18.5  -1.23061   -3.65684
18.6  -1.5421   -2.26131
18.7  -1.60098   1.11195
18.8  -1.3605   3.31512
18.9  -0.9977   3.78361
19  -0.61637   3.82328
19.1  -0.233961   3.82419
19.2  0.148459   3.82419
19.3  0.530876   3.8239
19.4  0.912817   3.8042
19.5  1.28393   3.51158
19.6  1.56697   1.82782
19.7  1.57748   -1.55254
19.8  1.3116   -3.40202
19.9  0.947671   -3.75297
20  0.570346   -3.77969
20.1  0.192331   -3.78019
20.2  -0.185688   -3.7802
20.3  -0.563704   -3.77973
20.4  -0.941071   -3.75444
20.5  -1.30552   -3.41637
20.6  -1.57314   -1.62005
20.7  -1.56422   1.69983
20.8  -1.29169   3.40354
20.9  -0.930121   3.71648
21  -0.5567   3.73976
21.1  -0.182686   3.74018
21.2  0.191332   3.74018
21.3  0.565346   3.73971
21.4  0.938712   3.71468
21.5  1.29946   3.38612
21.6  1.56656   1.64694
21.7  1.564   -1.61519
21.8  1.2989   -3.34457
21.9  0.942177   -3.67481
22  0.572733   -3.7008
22.1  0.202606   -3.70133
22.2  -0.167527   -3.70133
22.3  -0.537658   -3.701
22.4  -0.907303   -3.68168
22.5  -1.2668   -3.41165
22.6  -1.54645   -1.88444
22.7  -1.57461   1.29989
22.8  -1.33166   3.21629
22.9  -0.982892   3.62432
23  -0.617746   3.66092
23.1  -0.25157   3.66188
23.2  0.114618   3.66188
23.3  0.480806   3.66174
23.4  0.846732   3.65042
23.5  1.20606   3.46637
23.6  1.50665   2.27826
23.7  1.58901   -0.71468
23.8  1.38777   -2.97843
23.9  1.05224   -3.55791
24  0.691886   -3.62107
24.1  0.329584   -3.62341
24.2  -0.0327579   -3.62342
24.3  -0.395099   -3.62338
24.4  -0.757347   -3.61863
24.5  -1.11626   -3.518
24.6  -1.43904   -2.72772
24.7  -1.59342   -0.154683
24.8  -1.45976   2.55372
24.9  -1.14738   3.45862
25  -0.792714   3.58454
25.1  -0.433716   3.59139
25.2  -0.07457   3.59146
25.3  0.284576   3.59146
25.4  0.643702   3.59012
25.5  1.00155   3.54696
25.6  1.34113   3.10724
25.7  1.5696   1.18373
25.8  1.53026   -1.83544
25.9  1.25991   -3.27253
26  0.914663   -3.53937
26.1  0.559123   -3.56066
26.2  0.203017   -3.56111
26.3  -0.153094   -3.56111
26.4  -0.509203   -3.56089
26.5  -0.864972   -3.54717
26.6  -1.21341   -3.34952
26.7  -1.50173   -2.16078
26.8  -1.57796   0.711379
26.9  -1.3828   2.88133
27  -1.05747   3.45718
27.1  -0.706948   3.52434
27.2  -0.354281   3.52718
27.3  -0.00156219   3.52719
27.4  0.351157   3.52718
27.5  0.703826   3.52444
27.6  1.0544   3.45878
27.7  1.38006   2.89244
27.8  1.57505   0.759136
27.9  1.49972   -2.08032
28  1.21849   -3.27702
28.1  0.876716   -3.48422
28.2  0.527119   -3.4997
28.3  0.177123   -3.49999
28.4  -0.172876   -3.49999
28.5  -0.522873   -3.49972
28.6  -0.872487   -3.48481
28.7  -1.21447   -3.28293
28.8  -1.49654   -2.11038
28.9  -1.57182   0.679859
29  -1.38242   2.81088
29.1  -1.06386   3.39394
29.2  -0.719398   3.46536
29.3  -0.372595   3.46865
29.4  -0.0257278   3.46867
29.5  0.321139   3.46866
29.6  0.667975   3.46682
29.7  1.0133   3.41812
29.8  1.3394   2.96997
29.9  1.55689   1.12194
30  1.5206   -1.72918
30.1  1.26337   -3.13573
30.2  0.931094   -3.41623
30.3  0.587607   -3.44143
30.4  0.243404   -3.44211
30.5  -0.100807   -3.44212
30.6  -0.445019   -3.44203
30.7  -0.789073   -3.43518
30.8  -1.12906   -3.32032
30.9  -1.43134   -2.5285
31  -1.57356   -0.134113
31.1  -1.44978   2.37222
31.2  -1.15691   3.26641
31.3  -0.820658   3.40647
31.4  -0.479287   3.41587
31.5  -0.137688   3.41601
31.6  0.203913   3.41601
31.7  0.54551   3.41562
31.8  0.88664   3.39835
31.9  1.2195   3.18556
32  1.49159   2.01799
32.1  1.5624   -0.671134
32.2  1.37844   -2.72775
32.3  1.06855   -3.30868
32.4  0.732379   -3.38405
32.5  0.393664   -3.38792
32.6  0.0548689   -3.38795
32.7  -0.283926   -3.38795
32.8  -0.622705   -3.38687
32.9  -0.960504   -3.35425
33  -1.28477   -3.02883
33.1  -1.5255   -1.53565
33.2  -1.53969   1.22457
33.3  -1.31902   2.90862
33.4  -1.00177   3.3142
33.5  -0.667076   3.35989
33.6  -0.330934   3.36176
33.7  0.00524292   3.36177
33.8  0.341419   3.36175
33.9  0.677557   3.35964
34  1.0121   3.31011
34.1  1.32794   2.88143
34.2  1.54195   1.15578
34.3  1.51706   -1.56266
34.4  1.27592   -2.99358
34.5  0.95607   -3.30501
34.6  0.623257   -3.33686
34.7  0.289478   -3.33796
34.8  -0.0443187   -3.33797
34.9  -0.378115   -3.33794
35  -0.711848   -3.33481
2.1
