0  0   6
0.1  0.6   5.99979
0.2  1.19835   5.86217
0.3  1.62925   1.74464
0.4  1.3027   -6.61599
0.5  0.615881   -6.8963
0.6  -0.073775   -6.89656
0.7  -0.76343   -6.8947
0.8  -1.44226   -6.14037
0.9  -1.47725   4.92898
1  -0.89524   6.02773
1.1  -0.291662   6.03616
1.2  0.311954   6.03616
1.3  0.915518   6.02575
1.4  1.49299   4.81828
1.5  1.44526   -5.05335
1.6  0.867466   -5.93991
1.7  0.27287   -5.94622
1.8  -0.321752   -5.94622
1.9  -0.916318   -5.93565
2  -1.48543   -4.77198
2.1  -1.45537   4.70139
2.2  -0.905735   5.69573
2.3  -0.335254   5.70538
2.4  0.235285   5.70538
2.5  0.805811   5.70217
2.6  1.36666   5.18186
2.7  1.5624   -1.32521
2.8  1.21079   -4.65851
2.9  0.73018   -4.8389
3  0.246162   -4.84025
3.1  -0.237864   -4.84025
3.2  -0.721884   -4.83904
3.3  -1.2027   -4.67011
3.4  -1.55608   -1.67071
3.5  -1.36638   4.45263
3.6  -0.875095   5.03641
3.7  -0.370771   5.04383
3.8  0.133613   5.04383
3.9  0.637995   5.04345
4  1.14085   4.94632
4.1  1.55172   2.45957
4.2  1.38825   -4.71995
4.3  0.86443   -5.36619
4.4  0.327212   -5.37257
4.5  -0.210046   -5.37258
4.6  -0.747298   -5.37096
4.7  -1.27946   -5.08598
4.8  -1.58908   -0.520541
4.9  -1.30473   4.95427
5  -0.780581   5.30395
5.1  -0.249952   5.30639
5.2  0.280687   5.30639
5.3  0.811309   5.30287
5.4  1.33323   4.86924
5.5  1.56904   -0.446961
5.6  1.26477   -4.55572
5.7  0.78682   -4.83403
5.8  0.303159   -4.83679
5.9  -0.18052   -4.83679
6  -0.664197   -4.83623
6.1  -1.14606   -4.73115
6.2  -1.53796   -2.35933
6.3  -1.39671   4.28428
6.4  -0.911144   5.01884
6.5  -0.408263   5.0298
6.6  0.0947175   5.02981
6.7  0.597698   5.0296
6.8  1.09968   4.96166
6.9  1.53147   2.90303
7  1.41138   -4.42721
7.1  0.906768   -5.2153
7.2  0.384297   -5.22552
7.3  -0.138256   -5.22553
7.4  -0.660807   -5.225
7.5  -1.18126   -5.09216
7.6  -1.57794   -1.9868
7.7  -1.35801   5.18416
7.8  -0.798902   5.67547
7.9  -0.23107   5.67843
8  0.336774   5.67843
8.1  0.90456   5.66888
8.2  1.45112   4.71052
8.3  1.49254   -3.42711
8.4  1.03675   -4.96466
8.5  0.53693   -5.00303
8.6  0.0366188   -5.00311
8.7  -0.463692   -5.00309
8.8  -0.963799   -4.98418
8.9  -1.4373   -3.99185
9  -1.49625   2.5064
9.1  -1.11611   4.38283
9.2  -0.670744   4.46922
9.3  -0.223763   4.46985
9.4  0.223222   4.46985
9.5  0.670204   4.46922
9.6  1.11556   4.3832
9.7  1.49401   2.57517
9.8  1.42904   -3.277
9.9  1.02269   -4.36579
10  0.582998   -4.40285
10.1  0.142697   -4.40302
10.2  -0.297605   -4.40302
10.3  -0.737896   -4.40145
10.4  -1.17509   -4.25584
10.5  -1.51573   -1.93112
10.6  -1.39716   3.58036
10.7  -0.977128   4.42012
10.8  -0.533098   4.44368
10.9  -0.0887231   4.44375
11  0.355652   4.44375
11.1  0.799997   4.44036
11.2  1.23871   4.1964
11.3  1.53477   1.14494
11.4  1.3577   -3.84882
11.5  0.926436   -4.46373
11.6  0.478846   -4.47766
11.7  0.0310773   -4.47769
11.8  -0.416691   -4.47768
11.9  -0.864383   -4.47057
12  -1.30204   -4.0708
12.1  -1.5368   -0.216089
12.2  -1.31079   3.88836
12.3  -0.888452   4.32954
12.4  -0.454666   4.33903
12.5  -0.0207612   4.33905
12.6  0.413144   4.33904
12.7  0.846982   4.33307
12.8  1.27261   4.00629
12.9  1.53   0.658038
13  1.33613   -3.73494
13.1  0.921987   -4.27805
13.2  0.492998   -4.29177
13.3  0.063818   -4.2918
13.4  -0.365362   -4.2918
13.5  -0.794511   -4.28856
13.6  -1.21861   -4.0748
13.7  -1.5203   -1.38452
13.8  -1.37364   3.5771
13.9  -0.962676   4.29864
14  -0.531037   4.31946
14.1  -0.0990847   4.31953
14.2  0.332868   4.31953
14.3  0.764802   4.31729
14.4  1.19287   4.14545
14.5  1.51538   1.70497
14.6  1.38881   -3.52282
14.7  0.97736   -4.32799
14.8  0.542521   -4.35198
14.9  0.107315   -4.35207
15  -0.327892   -4.35207
15.1  -0.763081   -4.34989
15.2  -1.19441   -4.17696
15.3  -1.51834   -1.69393
15.4  -1.38713   3.58443
15.5  -0.970599   4.37114
15.6  -0.531582   4.3934
15.7  -0.0922348   4.39347
15.8  0.347112   4.39347
15.9  0.786434   4.39058
16  1.22088   4.17731
16.1  1.52821   1.37356
16.2  1.3701   -3.74061
16.3  0.945028   -4.42286
16.4  0.501269   -4.43987
16.5  0.0572777   -4.43992
16.6  -0.386714   -4.43991
16.7  -0.830657   -4.43505
16.8  -1.26721   -4.12847
16.9  -1.53659   -0.744145
17  -1.33847   3.86064
17.1  -0.911722   4.3989
17.2  -0.470779   4.41095
17.3  -0.0296815   4.41097
17.4  0.411416   4.41096
17.5  0.852445   4.40469
17.6  1.28463   4.05083
17.7  1.53437   0.484319
17.8  1.32591   -3.82333
17.9  0.906082   -4.32043
18  0.473038   -4.33193
18.1  0.0398427   -4.33195
18.2  -0.393353   -4.33195
18.3  -0.826499   -4.32724
18.4  -1.2528   -4.04769
18.5  -1.52858   -0.938332
18.6  -1.35045   3.70902
18.7  -0.934624   4.31101
18.8  -0.502182   4.32658
18.9  -0.0695194   4.32662
19  0.363143   4.32662
19.1  0.795774   4.32335
19.2  1.22323   4.10297
19.3  1.52384   1.33204
19.4  1.37005   -3.64395
19.5  0.954065   -4.33921
19.6  0.51852   -4.35814
19.7  0.0827003   -4.3582
19.8  -0.353119   -4.3582
19.9  -0.788912   -4.3552
20  -1.21978   -4.14231
20.1  -1.52542   -1.38165
20.2  -1.37156   3.68308
20.3  -0.951392   4.37984
20.4  -0.511833   4.39813
20.5  -0.0720145   4.39818
20.6  0.367804   4.39818
20.7  0.807587   4.39445
20.8  1.24145   4.14274
20.9  1.53195   1.10216
21  1.35688   -3.7866
21.1  0.931755   -4.40564
21.2  0.489899   -4.42051
21.3  0.0478446   -4.42055
21.4  -0.39421   -4.42054
21.5  -0.836211   -4.41534
21.6  -1.27051   -4.09939
21.7  -1.53535   -0.6947
21.8  -1.33642   3.83628
21.9  -0.912556   4.36956
22  -0.474535   4.38178
22.1  -0.0363546   4.3818
22.2  0.401826   4.3818
22.3  0.839948   4.37633
22.4  1.27022   4.05854
22.5  1.53281   0.696054
22.6  1.33726   -3.78746
22.7  0.917809   -4.32906
22.8  0.483775   -4.34206
22.9  0.0495654   -4.3421
23  -0.384644   -4.34209
23.1  -0.81881   -4.33779
23.2  -1.24656   -4.07245
23.3  -1.52866   -1.02537
23.4  -1.35454   3.71458
23.5  -0.936938   4.33272
23.6  -0.502296   4.34861
23.7  -0.0674313   4.34865
23.8  0.367434   4.34865
23.9  0.802265   4.34512
24  1.23156   4.11036
24.1  1.527   1.2274
24.2  1.3643   -3.6972
24.3  0.945232   -4.35937
24.4  0.507811   -4.3766
24.5  0.0701459   -4.37665
24.6  -0.367519   -4.37665
24.7  -0.805149   -4.37301
24.8  -1.23703   -4.12903
24.9  -1.52985   -1.15883
25  -1.3602   3.74879
25.1  -0.937598   4.38651
25.2  -0.497575   4.40236
25.3  -0.0573344   4.4024
25.4  0.382906   4.4024
25.5  0.823102   4.39792
25.6  1.25648   4.11422
25.7  1.53367   0.8946
25.8  1.34669   -3.80758
25.9  0.922646   -4.38297
26  0.483169   -4.39653
26.1  0.0435127   -4.39656
26.2  -0.396144   -4.39656
26.3  -0.835746   -4.39136
26.4  -1.26774   -4.08071
26.5  -1.53374   -0.733167
26.6  -1.33883   3.80539
26.7  -0.917238   4.35091
26.8  -0.481027   4.36379
26.9  -0.0446453   4.36382
27  0.391736   4.36381
27.1  0.828069   4.35904
27.2  1.25738   4.071
27.3  1.53111   0.878029
27.4  1.34674   -3.75668
27.5  0.927508   -4.33813
27.6  0.49245   -4.35251
27.7  0.057195   -4.35255
27.8  -0.37806   -4.35255
27.9  -0.813275   -4.34853
28  -1.24236   -4.09256
28.1  -1.52888   -1.0838
28.2  -1.35716   3.72292
28.3  -0.937958   4.351
28.4  -0.501476   4.36701
28.5  -0.0647714   4.36705
28.6  0.371934   4.36705
28.7  0.808602   4.36325
28.8  1.23936   4.11414
28.9  1.5295   1.12623
29  1.35887   -3.7388
29.1  0.937629   -4.37211
29.2  0.499044   -4.388
29.3  0.0602394   -4.38804
29.4  -0.378565   -4.38804
29.5  -0.817328   -4.38384
29.6  -1.24965   -4.11443
29.7  -1.53215   -0.988475
29.8  -1.35162   3.78217
29.9  -0.92852   4.38014
30  -0.489253   4.39457
30.1  -0.0497926   4.39461
30.2  0.389668   4.3946
30.3  0.82908   4.38979
30.4  1.26133   4.09446
30.5  1.53341   0.825184
30.6  1.34345   -3.80017
30.7  0.921044   -4.3638
30.8  0.483501   -4.37719
30.9  0.0457793   -4.37722
31  -0.391942   -4.37721
31.1  -0.829614   -4.37236
31.2  -1.26013   -4.07875
31.3  -1.53218   -0.840521
31.4  -1.34459   3.77657
31.5  -0.924094   4.34727
31.6  -0.488165   4.36113
31.7  -0.0520484   4.36117
31.8  0.384068   4.36116
31.9  0.820141   4.35681
32  1.24968   4.08583
32.1  1.5303   0.984995
32.2  1.35209   -3.74513
32.3  0.932354   -4.34945
32.4  0.496103   -4.36456
32.5  0.0596438   -4.36459
32.6  -0.376816   -4.36459
32.7  -0.813235   -4.36058
32.8  -1.2435   -4.10289
32.9  -1.52987   -1.06994
33  -1.35618   3.74171
33.1  -0.935509   4.36333
33.2  -0.49783   4.37891
33.3  -0.0599352   4.37895
33.4  0.377959   4.37894
33.5  0.815813   4.37482
33.6  1.24733   4.10986
33.7  1.53129   1.01934
33.8  1.35335   -3.76695
33.9  0.931165   -4.37378
34  0.4925   -4.38864
34.1  0.0536325   -4.38867
34.2  -0.385235   -4.38867
34.3  -0.824056   -4.38413
34.4  -1.25604   -4.10063
34.5  -1.53271   -0.899446
34.6  -1.34724   3.78883
34.7  -0.924815   4.36854
34.8  -0.486753   4.38245
34.9  -0.0485049   4.38248
35  0.389743   4.38248
1.6
