0	0	9	
0.01	0.0899997	8.99987	
0.055	0.494691	8.97755	
0.113937	1.01976	8.80143	
0.174746	1.5416	8.29384	
0.239077	2.04458	7.24638	
0.290502	2.38623	5.97569	
0.343682	2.66032	4.27092	
0.387794	2.81279	2.61138	
0.431907	2.88862	0.810531	
0.468968	2.8899	-0.741538	
0.50603	2.83401	-2.26441	
0.543092	2.72314	-3.69985	
0.583388	2.54513	-5.10339	
0.626566	2.2964	-6.37444	
0.672637	1.97715	-7.43215	
0.721786	1.59111	-8.22028	
0.774323	1.14477	-8.71775	
0.830691	0.645631	-8.95002	
0.891709	0.0973674	-8.99983	
0.959706	-0.514961	-9.02525	
1.02966	-1.15306	-9.27955	
1.08702	-1.70004	-9.86802	
1.14217	-2.27148	-10.9575	
1.19733	-2.92279	-12.8152	
1.2414	-3.53495	-15.1076	
1.28773	-4.31163	-18.6596	
1.32543	-5.08906	-22.8108	
1.36471	-6.0982	-28.9298	
1.39666	-7.1279	-35.8909	
1.42995	-8.48076	-45.9806	
1.45705	-9.87331	-57.3519	
1.48527	-11.7091	-73.7029	
1.5083	-13.6079	-92.0897	
1.53225	-16.1108	-118.406	
1.55186	-18.7079	-148.006	
1.57222	-22.1271	-190.244	
1.58892	-25.6825	-237.797	
1.60625	-30.3576	-305.513	
1.6205	-35.2264	-381.822	
1.63526	-41.6213	-490.327	
1.64742	-48.2884	-612.704	
1.66001	-57.0379	-786.526	
1.67039	-66.1672	-982.701	
1.68113	-78.1398	-1261.13	
1.68999	-90.6394	-1575.51	
1.69917	-107.024	-2021.46	
1.70674	-124.137	-2525.19	
1.71457	-146.561	-3239.43	
1.72104	-169.989	-4046.43	
1.72773	-200.68	-5190.33	
1.73325	-232.752	-6483.05	
1.73897	-274.758	-8315.05	
1.74369	-318.662	-10385.7	
1.74857	-376.157	-13319.7	
1.75261	-436.258	-16636.2	
1.75678	-514.953	-21334.9	
1.76023	-597.223	-26646.8	
1.7638	-704.94	-34171.8	
1.76674	-817.556	-42679.1	
1.76979	-964.996	-54730.2	
1.77231	-1119.15	-68355.1	
1.77492	-1320.96	-87654.7	
1.77707	-1531.97	-109475	
1.77929	-1808.22	-140383	
1.78113	-2097.05	-175329	
1.78304	-2475.17	-224827	
1.78461	-2870.54	-280792	
1.78624	-3388.11	-360061	
1.78758	-3929.3	-449689	
1.78897	-4637.76	-576635	
1.79012	-5378.55	-720173	
1.79131	-6348.28	-923472	
1.79229	-7362.29	-1.15334e+06	
1.7933	-8689.67	-1.47892e+06	
1.79414	-10077.7	-1.84705e+06	
1.79501	-11894.6	-2.36845e+06	
1.79573	-13794.5	-2.958e+06	
1.79647	-16281.5	-3.793e+06	
1.79708	-18882.1	-4.73714e+06	
1.79772	-22286.4	-6.07436e+06	
1.79824	-25846.2	-7.58637e+06	
1.79878	-30506	-9.72787e+06	
1.79923	-35378.7	-1.21493e+07	
1.7997	-41757.1	-1.55788e+07	
1.80008	-48426.8	-1.94567e+07	
1.80047	-57157.7	-2.49489e+07	
1.8008	-66287.3	-3.11591e+07	
1.80114	-78238.2	-3.99547e+07	
1.80142	-90734.9	-4.99001e+07	
1.80171	-107094	-6.39859e+07	
1.80195	-124199	-7.9913e+07	
1.80219	-146591	-1.02471e+08	
1.8024	-170005	-1.27977e+08	
1.80261	-200656	-1.64103e+08	
1.80279	-232706	-2.04951e+08	
1.80297	-274660	-2.62804e+08	
1.80312	-318530	-3.28221e+08	
1.80327	-375958	-4.20871e+08	
1.8034	-436009	-5.25632e+08	
1.80353	-514616	-6.74007e+08	
1.80364	-596814	-8.41778e+08	
1.80375	-704413	-1.0794e+09	
1.80384	-816927	-1.34807e+09	
1.80394	-964210	-1.72861e+09	
1.80402	-1.11822e+06	-2.15889e+09	
1.8041	-1.31982e+06	-2.7683e+09	
1.80417	-1.53063e+06	-3.45737e+09	
1.80424	-1.80659e+06	-4.43331e+09	
1.8043	-2.09515e+06	-5.53684e+09	
1.80436	-2.47288e+06	-7.09977e+09	
1.80441	-2.86787e+06	-8.86702e+09	
1.80446	-3.38491e+06	-1.137e+10	
1.8045	-3.92557e+06	-1.42002e+10	
1.80455	-4.63331e+06	-1.82086e+10	
1.80458	-5.37337e+06	-2.2741e+10	
1.80462	-6.34213e+06	-2.91603e+10	
1.80465	-7.35514e+06	-3.64188e+10	
1.80468	-8.68119e+06	-4.66991e+10	
1.80471	-1.00678e+07	-5.83232e+10	
1.80474	-1.18829e+07	-7.47866e+10	
1.80476	-1.37809e+07	-9.34022e+10	
1.80478	-1.62655e+07	-1.19768e+11	
1.8048	-1.88635e+07	-1.4958e+11	
1.80482	-2.22644e+07	-1.91803e+11	
1.80484	-2.58206e+07	-2.39546e+11	
1.80486	-3.04758e+07	-3.07165e+11	
1.80487	-3.53436e+07	-3.83623e+11	
1.80489	-4.17156e+07	-4.91912e+11	
1.8049	-4.83787e+07	-6.14357e+11	
1.80491	-5.71009e+07	-7.87778e+11	
1.80492	-6.62214e+07	-9.83868e+11	
1.80493	-7.81604e+07	-1.26159e+12	
1.80494	-9.06447e+07	-1.57562e+12	
1.80495	-1.06987e+08	-2.02039e+12	
1.80496	-1.24076e+08	-2.5233e+12	
1.80497	-1.46445e+08	-3.23557e+12	
1.80497	-1.69836e+08	-4.04096e+12	
1.80498	-2.00456e+08	-5.18164e+12	
1.80498	-2.32474e+08	-6.47143e+12	
1.80499	-2.74386e+08	-8.29819e+12	
1.80499	-3.18213e+08	-1.03637e+13	
1.805	-3.75584e+08	-1.32892e+13	
1.805	-4.35574e+08	-1.65971e+13	
1.80501	-5.14104e+08	-2.12821e+13	
1.80501	-5.96219e+08	-2.65796e+13	
1.80501	-7.03711e+08	-3.40825e+13	
1.80502	-8.16112e+08	-4.25661e+13	
1.80502	-9.63249e+08	-5.45817e+13	
1.80502	-1.1171e+09	-6.81679e+13	
1.80503	-1.31851e+09	-8.74104e+13	
1.80503	-1.52911e+09	-1.09168e+14	
1.80503	-1.80479e+09	-1.39984e+14	
1.80503	-2.09306e+09	-1.74828e+14	
1.80503	-2.47042e+09	-2.24179e+14	
1.80504	-2.86501e+09	-2.79981e+14	
1.80504	-3.38154e+09	-3.59013e+14	
1.80504	-3.92166e+09	-4.48378e+14	
1.80504	-4.62869e+09	-5.74945e+14	
1.80504	-5.36801e+09	-7.18058e+14	
1.80504	-6.33581e+09	-9.20752e+14	
1.80504	-7.34781e+09	-1.14994e+15	
1.80504	-8.67254e+09	-1.47455e+15	
1.80505	-1.00578e+10	-1.84158e+15	
1.80505	-1.18711e+10	-2.36143e+15	
1.80505	-1.37672e+10	-2.94922e+15	
1.80505	-1.62493e+10	-3.78173e+15	
1.80505	-1.88447e+10	-4.72306e+15	
1.80505	-2.22422e+10	-6.05628e+15	
1.80505	-2.57949e+10	-7.56379e+15	
1.80505	-3.04454e+10	-9.69889e+15	
1.80505	-3.53083e+10	-1.21131e+16	
1.80505	-4.16741e+10	-1.55324e+16	
1.80505	-4.83305e+10	-1.93986e+16	
1.80505	-5.7044e+10	-2.48745e+16	
1.80505	-6.61554e+10	-3.10661e+16	
1.80505	-7.80825e+10	-3.98355e+16	
1.80505	-9.05543e+10	-4.97511e+16	
1.80505	-1.0688e+11	-6.37949e+16	
1.80505	-1.23952e+11	-7.96744e+16	
1.80505	-1.46299e+11	-1.02165e+17	
1.80505	-1.69667e+11	-1.27595e+17	
1.80505	-2.00256e+11	-1.63613e+17	
1.80505	-2.32242e+11	-2.04339e+17	
1.80505	-2.74113e+11	-2.62019e+17	
1.80505	-3.17896e+11	-3.2724e+17	
1.80505	-3.75209e+11	-4.19614e+17	
1.80505	-4.3514e+11	-5.24062e+17	
1.80505	-5.13591e+11	-6.71994e+17	
1.80505	-5.95625e+11	-8.39264e+17	
1.80505	-7.0301e+11	-1.07617e+18	
1.80505	-8.15299e+11	-1.34405e+18	
1.80505	-9.62289e+11	-1.72344e+18	
1.80506	-1.11599e+12	-2.15244e+18	
1.80506	-1.31719e+12	-2.76003e+18	
1.80506	-1.52758e+12	-3.44704e+18	
1.80506	-1.80299e+12	-4.42007e+18	
1.80506	-2.09097e+12	-5.5203e+18	
1.80506	-2.46795e+12	-7.07856e+18	
1.80506	-2.86215e+12	-8.84053e+18	
1.80506	-3.37817e+12	-1.1336e+19	
1.80506	-3.91775e+12	-1.41577e+19	
1.80506	-4.62408e+12	-1.81542e+19	
1.80506	-5.36266e+12	-2.26731e+19	
1.80506	-6.32949e+12	-2.90732e+19	
1.80506	-7.34048e+12	-3.631e+19	
1.80506	-8.66389e+12	-4.65595e+19	
1.80506	-1.00477e+13	-5.8149e+19	
1.80506	-1.18592e+13	-7.45632e+19	
1.80506	-1.37535e+13	-9.31232e+19	
1.80506	-1.62331e+13	-1.1941e+20	
1.80506	-1.88259e+13	-1.49133e+20	
1.80506	-2.222e+13	-1.9123e+20	
1.80506	-2.57692e+13	-2.3883e+20	
1.80506	-3.04151e+13	-3.06247e+20	
1.80506	-3.52732e+13	-3.82477e+20	
1.80506	-4.16325e+13	-4.90443e+20	
1.80506	-4.82823e+13	-6.12522e+20	
1.80506	-5.69871e+13	-7.85424e+20	
1.80506	-6.60895e+13	-9.80929e+20	
1.80506	-7.80047e+13	-1.25782e+21	
1.80506	-9.04641e+13	-1.57092e+21	
1.80506	-1.06774e+14	-2.01436e+21	
1.80506	-1.23828e+14	-2.51576e+21	
1.80506	-1.46153e+14	-3.22591e+21	
1.80506	-1.69498e+14	-4.02889e+21	
1.80506	-2.00056e+14	-5.16616e+21	
1.80506	-2.32011e+14	-6.4521e+21	
1.80506	-2.7384e+14	-8.2734e+21	
1.80506	-3.17579e+14	-1.03328e+22	
1.80506	-3.74835e+14	-1.32495e+22	
1.80506	-4.34706e+14	-1.65475e+22	
1.80506	-5.13079e+14	-2.12186e+22	
1.80506	-5.95031e+14	-2.65002e+22	
1.80506	-7.02309e+14	-3.39806e+22	
1.80506	-8.14486e+14	-4.2439e+22	
1.80506	-9.61329e+14	-5.44186e+22	
1.80506	-1.11488e+15	-6.79643e+22	
1.80506	-1.31588e+15	-8.71492e+22	
1.80506	-1.52606e+15	-1.08842e+23	
1.80506	-1.80119e+15	-1.39566e+23	
1.80506	-2.08889e+15	-1.74306e+23	
1.80506	-2.46549e+15	-2.23509e+23	
1.80506	-2.8593e+15	-2.79144e+23	
1.80506	-3.3748e+15	-3.57941e+23	
1.80506	-3.91384e+15	-4.47038e+23	
1.80506	-4.61947e+15	-5.73228e+23	
1.80506	-5.35732e+15	-7.15913e+23	
1.80506	-6.32319e+15	-9.18001e+23	
1.80506	-7.33316e+15	-1.14651e+24	
1.80506	-8.65526e+15	-1.47014e+24	
1.80506	-1.00377e+16	-1.83608e+24	
1.80506	-1.18474e+16	-2.35437e+24	
1.80506	-1.37398e+16	-2.94041e+24	
1.80506	-1.62169e+16	-3.77043e+24	
1.80506	-1.88072e+16	-4.70895e+24	
1.80506	-2.21979e+16	-6.03819e+24	
1.80506	-2.57435e+16	-7.54119e+24	
1.80506	-3.03848e+16	-9.66992e+24	
1.80506	-3.5238e+16	-1.20769e+25	
1.80506	-4.1591e+16	-1.5486e+25	
1.80506	-4.82342e+16	-1.93407e+25	
1.80506	-5.69303e+16	-2.48002e+25	
1.80506	-6.60236e+16	-3.09733e+25	
1.80506	-7.79269e+16	-3.97165e+25	
1.80506	-9.03739e+16	-4.96025e+25	
1.80506	-1.06667e+17	-6.36043e+25	
1.80506	-1.23705e+17	-7.94364e+25	
1.80506	-1.46008e+17	-1.0186e+26	
1.80506	-1.69329e+17	-1.27214e+26	
1.80506	-1.99857e+17	-1.63124e+26	
1.80506	-2.31779e+17	-2.03728e+26	
1.80506	-2.73567e+17	-2.61237e+26	
1.80506	-3.17263e+17	-3.26263e+26	
1.80506	-3.74462e+17	-4.1836e+26	
1.80506	-4.34273e+17	-5.22496e+26	
1.80506	-5.12568e+17	-6.69986e+26	
1.80506	-5.94438e+17	-8.36757e+26	
1.80506	-7.01609e+17	-1.07296e+27	
1.80506	-8.13674e+17	-1.34003e+27	
1.80506	-9.60371e+17	-1.7183e+27	
1.80506	-1.11377e+18	-2.14601e+27	
1.80506	-1.31457e+18	-2.75178e+27	
1.80506	-1.52454e+18	-3.43674e+27	
1.80506	-1.7994e+18	-4.40686e+27	
1.80506	-2.08681e+18	-5.5038e+27	
1.80506	-2.46304e+18	-7.05742e+27	
1.80506	-2.85645e+18	-8.81412e+27	
1.80506	-3.37144e+18	-1.13022e+28	
1.80506	-3.90994e+18	-1.41155e+28	
1.80506	-4.61486e+18	-1.81e+28	
1.80506	-5.35198e+18	-2.26053e+28	
1.80506	-6.31688e+18	-2.89863e+28	
1.80506	-7.32585e+18	-3.62015e+28	
1.80506	-8.64663e+18	-4.64205e+28	
1.80506	-1.00277e+19	-5.79752e+28	
1.80506	-1.18356e+19	-7.43405e+28	
1.80506	-1.37261e+19	-9.2845e+28	
1.80506	-1.62007e+19	-1.19053e+29	
1.80506	-1.87884e+19	-1.48687e+29	
1.80506	-2.21758e+19	-1.90659e+29	
1.80506	-2.57178e+19	-2.38117e+29	
1.80506	-3.03545e+19	-3.05333e+29	
1.80506	-3.52029e+19	-3.81335e+29	
1.80506	-4.15496e+19	-4.88978e+29	
1.80506	-4.81861e+19	-6.10692e+29	
1.80506	-5.68736e+19	-7.83078e+29	
1.80506	-6.59578e+19	-9.77998e+29	
1.80506	-7.78492e+19	-1.25407e+30	
1.80506	-9.02838e+19	-1.56622e+30	
1.80506	-1.06561e+20	-2.00834e+30	
1.80506	-1.23582e+20	-2.50825e+30	
1.80506	-1.45862e+20	-3.21627e+30	
1.80506	-1.6916e+20	-4.01685e+30	
1.80506	-1.99658e+20	-5.15073e+30	
1.80506	-2.31548e+20	-6.43283e+30	
1.80506	-2.73294e+20	-8.24868e+30	
1.80506	-3.16946e+20	-1.03019e+31	
1.80506	-3.74088e+20	-1.32099e+31	
1.80506	-4.3384e+20	-1.64981e+31	
1.80506	-5.12057e+20	-2.11552e+31	
1.80506	-5.93846e+20	-2.6421e+31	
1.80506	-7.0091e+20	-3.38791e+31	
1.80506	-8.12863e+20	-4.23122e+31	
1.80506	-9.59414e+20	-5.42561e+31	
1.80506	-1.11266e+21	-6.77613e+31	
1.80506	-1.31326e+21	-8.68889e+31	
1.80506	-1.52302e+21	-1.08517e+32	
1.80506	-1.7976e+21	-1.39149e+32	
1.80506	-2.08473e+21	-1.73785e+32	
1.80506	-2.46058e+21	-2.22841e+32	
1.80506	-2.8536e+21	-2.7831e+32	
1.80506	-3.36808e+21	-3.56872e+32	
1.80506	-3.90605e+21	-4.45703e+32	
1.80506	-4.61026e+21	-5.71515e+32	
1.80506	-5.34664e+21	-7.13775e+32	
1.80506	-6.31059e+21	-9.15258e+32	
1.80506	-7.31855e+21	-1.14308e+33	
1.80506	-8.63801e+21	-1.46575e+33	
1.80506	-1.00177e+22	-1.8306e+33	
1.80506	-1.18238e+22	-2.34734e+33	
1.80506	-1.37124e+22	-2.93163e+33	
1.80506	-1.61846e+22	-3.75917e+33	
1.80506	-1.87697e+22	-4.69488e+33	
1.80506	-2.21537e+22	-6.02015e+33	
1.80506	-2.56922e+22	-7.51866e+33	
1.80506	-3.03242e+22	-9.64103e+33	
1.80506	-3.51678e+22	-1.20408e+34	
1.80506	-4.15082e+22	-1.54397e+34	
1.80506	-4.81381e+22	-1.92829e+34	
1.80506	-5.68169e+22	-2.47261e+34	
1.80506	-6.5892e+22	-3.08808e+34	
1.80506	-7.77716e+22	-3.95978e+34	
1.80506	-9.01938e+22	-4.94543e+34	
1.80506	-1.06455e+23	-6.34143e+34	
1.80506	-1.23458e+23	-7.91991e+34	
1.80506	-1.45717e+23	-1.01555e+35	
1.80506	-1.68991e+23	-1.26834e+35	
1.80506	-1.99459e+23	-1.62637e+35	
1.80506	-2.31318e+23	-2.0312e+35	
1.80506	-2.73022e+23	-2.60456e+35	
1.80506	-3.1663e+23	-3.25288e+35	
1.80506	-3.73715e+23	-4.1711e+35	
1.80506	-4.33408e+23	-5.20936e+35	
1.80506	-5.11546e+23	-6.67985e+35	
1.80506	-5.93254e+23	-8.34257e+35	
1.80506	-7.00211e+23	-1.06975e+36	
1.80506	-8.12053e+23	-1.33603e+36	
1.80506	-9.58458e+23	-1.71316e+36	
1.80506	-1.11155e+24	-2.1396e+36	
1.80506	-1.31195e+24	-2.74356e+36	
1.80506	-1.5215e+24	-3.42648e+36	
1.80506	-1.79581e+24	-4.3937e+36	
1.80506	-2.08265e+24	-5.48736e+36	
1.80506	-2.45813e+24	-7.03633e+36	
1.80506	-2.85076e+24	-8.78779e+36	
1.80506	-3.36472e+24	-1.12684e+37	
1.80506	-3.90215e+24	-1.40733e+37	
1.80506	-4.60567e+24	-1.80459e+37	
1.80506	-5.34131e+24	-2.25378e+37	
1.80506	-6.3043e+24	-2.88997e+37	
1.80506	-7.31126e+24	-3.60934e+37	
1.80506	-8.6294e+24	-4.62818e+37	
1.80506	-1.00077e+25	-5.7802e+37	
1.80506	-1.1812e+25	-7.41184e+37	
1.80506	-1.36987e+25	-9.25676e+37	
1.80506	-1.61685e+25	-1.18698e+38	
1.80506	-1.8751e+25	-1.48243e+38	
1.80506	-2.21316e+25	-1.90089e+38	
1.80506	-2.56666e+25	-2.37406e+38	
1.80506	-3.0294e+25	-3.0442e+38	
1.80506	-3.51327e+25	-3.80195e+38	
1.80506	-4.14668e+25	-4.87517e+38	
1.80506	-4.80901e+25	-6.08868e+38	
1.80506	-5.67602e+25	-7.80738e+38	
1.80506	-6.58263e+25	-9.75077e+38	
1.80506	-7.76941e+25	-1.25032e+39	
1.80506	-9.01039e+25	-1.56155e+39	
1.80506	-1.06349e+26	-2.00234e+39	
1.80506	-1.23335e+26	-2.50075e+39	
1.80506	-1.45571e+26	-3.20666e+39	
1.80506	-1.68823e+26	-4.00485e+39	
1.80506	-1.9926e+26	-5.13534e+39	
1.80506	-2.31087e+26	-6.41361e+39	
1.80506	-2.72749e+26	-8.22404e+39	
1.80506	-3.16315e+26	-1.02711e+40	
1.80506	-3.73343e+26	-1.31705e+40	
1.80506	-4.32976e+26	-1.64488e+40	
1.80506	-5.11036e+26	-2.1092e+40	
1.80506	-5.92662e+26	-2.63421e+40	
1.80506	-6.99513e+26	-3.37779e+40	
1.80506	-8.11244e+26	-4.21858e+40	
1.80506	-9.57502e+26	-5.4094e+40	
1.80506	-1.11044e+27	-6.75588e+40	
1.80506	-1.31064e+27	-8.66293e+40	
1.80506	-1.51998e+27	-1.08193e+41	
1.80506	-1.79402e+27	-1.38733e+41	
1.80506	-2.08057e+27	-1.73266e+41	
1.80506	-2.45568e+27	-2.22176e+41	
1.80506	-2.84792e+27	-2.77479e+41	
1.80506	-3.36136e+27	-3.55805e+41	
1.80506	-3.89826e+27	-4.44371e+41	
1.80506	-4.60108e+27	-5.69808e+41	
1.80506	-5.33599e+27	-7.11642e+41	
1.80506	-6.29801e+27	-9.12524e+41	
1.80506	-7.30397e+27	-1.13967e+42	
1.80506	-8.6208e+27	-1.46137e+42	
1.80506	-9.99776e+27	-1.82513e+42	
1.80506	-1.18003e+28	-2.34033e+42	
1.80506	-1.36851e+28	-2.92287e+42	
1.80506	-1.61523e+28	-3.74794e+42	
1.80506	-1.87323e+28	-4.68086e+42	
1.80506	-2.21095e+28	-6.00217e+42	
1.80506	-2.5641e+28	-7.4962e+42	
1.80506	-3.02638e+28	-9.61223e+42	
1.80506	-3.50977e+28	-1.20049e+43	
1.80506	-4.14254e+28	-1.53936e+43	
1.80506	-4.80422e+28	-1.92253e+43	
1.80506	-5.67037e+28	-2.46522e+43	
1.80506	-6.57607e+28	-3.07885e+43	
1.80506	-7.76167e+28	-3.94795e+43	
1.80506	-9.00141e+28	-4.93066e+43	
1.80506	-1.06243e+29	-6.32248e+43	
1.80506	-1.23212e+29	-7.89625e+43	
1.80506	-1.45426e+29	-1.01252e+44	
1.80506	-1.68655e+29	-1.26455e+44	
1.80506	-1.99061e+29	-1.62151e+44	
1.80506	-2.30857e+29	-2.02513e+44	
1.80506	-2.72478e+29	-2.59678e+44	
1.80506	-3.15999e+29	-3.24316e+44	
1.80506	-3.72971e+29	-4.15864e+44	
1.80506	-4.32544e+29	-5.19379e+44	
1.80506	-5.10527e+29	-6.65989e+44	
1.80506	-5.92072e+29	-8.31765e+44	
1.80506	-6.98816e+29	-1.06656e+45	
1.80506	-8.10435e+29	-1.33204e+45	
1.80506	-9.56548e+29	-1.70804e+45	
1.80506	-1.10933e+30	-2.1332e+45	
1.80506	-1.30933e+30	-2.73536e+45	
1.80506	-1.51847e+30	-3.41624e+45	
1.80506	-1.79223e+30	-4.38057e+45	
1.80506	-2.0785e+30	-5.47097e+45	
1.80506	-2.45323e+30	-7.01531e+45	
1.80506	-2.84508e+30	-8.76153e+45	
1.80506	-3.35801e+30	-1.12347e+46	
1.80506	-3.89438e+30	-1.40312e+46	
1.80506	-4.59649e+30	-1.7992e+46	
1.80506	-5.33067e+30	-2.24705e+46	
1.80506	-6.29173e+30	-2.88134e+46	
1.80506	-7.29669e+30	-3.59855e+46	
1.80506	-8.6122e+30	-4.61435e+46	
1.80506	-9.9878e+30	-5.76294e+46	
1.80506	-1.17885e+31	-7.3897e+46	
1.80506	-1.36714e+31	-9.22911e+46	
1.80506	-1.61362e+31	-1.18343e+47	
1.80506	-1.87136e+31	-1.478e+47	
1.80506	-2.20875e+31	-1.89521e+47	
1.80506	-2.56154e+31	-2.36696e+47	
1.80506	-3.02336e+31	-3.03511e+47	
1.80506	-3.50627e+31	-3.7906e+47	
1.80506	-4.13841e+31	-4.8606e+47	
1.80506	-4.79943e+31	-6.07049e+47	
1.80506	-5.66471e+31	-7.78406e+47	
1.80506	-6.56952e+31	-9.72164e+47	
1.80506	-7.75393e+31	-1.24659e+48	
1.80506	-8.99244e+31	-1.55688e+48	
1.80506	-1.06137e+32	-1.99636e+48	
1.80506	-1.2309e+32	-2.49328e+48	
1.80506	-1.45281e+32	-3.19708e+48	
1.80506	-1.68487e+32	-3.99289e+48	
1.80506	-1.98863e+32	-5.12e+48	
1.80506	-2.30627e+32	-6.39445e+48	
1.80506	-2.72206e+32	-8.19947e+48	
1.80506	-3.15684e+32	-1.02404e+49	
1.80506	-3.72599e+32	-1.31311e+49	
1.80506	-4.32113e+32	-1.63997e+49	
1.80506	-5.10018e+32	-2.1029e+49	
1.80506	-5.91481e+32	-2.62634e+49	
1.80506	-6.98119e+32	-3.3677e+49	
1.80506	-8.09627e+32	-4.20598e+49	
1.80506	-9.55594e+32	-5.39324e+49	
1.80506	-1.10823e+33	-6.7357e+49	
1.80506	-1.30803e+33	-8.63705e+49	
1.80506	-1.51696e+33	-1.07869e+50	
1.80506	-1.79045e+33	-1.38319e+50	
1.80506	-2.07643e+33	-1.72749e+50	
1.80506	-2.45079e+33	-2.21512e+50	
1.80506	-2.84224e+33	-2.7665e+50	
1.80506	-3.35467e+33	-3.54742e+50	
1.80506	-3.89049e+33	-4.43044e+50	
1.80506	-4.59191e+33	-5.68106e+50	
1.80506	-5.32536e+33	-7.09516e+50	
1.80506	-6.28546e+33	-9.09798e+50	
1.80506	-7.28941e+33	-1.13626e+51	
1.80506	-8.60362e+33	-1.457e+51	
1.80506	-9.97784e+33	-1.81968e+51	
1.80506	-1.17767e+34	-2.33333e+51	
1.80506	-1.36578e+34	-2.91414e+51	
1.80506	-1.61201e+34	-3.73674e+51	
1.80506	-1.8695e+34	-4.66687e+51	
1.80506	-2.20655e+34	-5.98424e+51	
1.80506	-2.55899e+34	-7.47381e+51	
1.80506	-3.02035e+34	-9.58351e+51	
1.80506	-3.50278e+34	-1.1969e+52	
1.80506	-4.13429e+34	-1.53476e+52	
1.80506	-4.79464e+34	-1.91679e+52	
1.80506	-5.65907e+34	-2.45786e+52	
1.80506	-6.56297e+34	-3.06966e+52	
1.80506	-7.7462e+34	-3.93616e+52	
1.80506	-8.98347e+34	-4.91593e+52	
1.80506	-1.06031e+35	-6.3036e+52	
1.80506	-1.22967e+35	-7.87266e+52	
1.80506	-1.45137e+35	-1.0095e+53	
1.80506	-1.68319e+35	-1.26077e+53	
1.80506	-1.98665e+35	-1.61667e+53	
1.80506	-2.30397e+35	-2.01908e+53	
1.80506	-2.71935e+35	-2.58902e+53	
1.80506	-3.1537e+35	-3.23347e+53	
1.80506	-3.72228e+35	-4.14622e+53	
1.80506	-4.31682e+35	-5.17828e+53	
1.80506	-5.0951e+35	-6.64e+53	
1.80506	-5.90892e+35	-8.2928e+53	
1.80506	-6.97423e+35	-1.06337e+54	
1.80506	-8.0882e+35	-1.32806e+54	
1.80506	-9.54642e+35	-1.70294e+54	
1.80506	-1.10712e+36	-2.12683e+54	
1.80506	-1.30673e+36	-2.72719e+54	
1.80506	-1.51544e+36	-3.40603e+54	
1.80506	-1.78866e+36	-4.36749e+54	
1.80506	-2.07436e+36	-5.45462e+54	
1.80506	-2.44834e+36	-6.99435e+54	
1.80506	-2.83941e+36	-8.73536e+54	
1.80506	-3.35132e+36	-1.12012e+55	
1.80506	-3.88662e+36	-1.39893e+55	
1.80506	-4.58733e+36	-1.79382e+55	
1.80506	-5.32005e+36	-2.24033e+55	
1.80506	-6.2792e+36	-2.87273e+55	
1.80506	-7.28215e+36	-3.5878e+55	
1.80506	-8.59504e+36	-4.60057e+55	
1.80506	-9.9679e+36	-5.74572e+55	
1.80506	-1.1765e+37	-7.36762e+55	
1.80506	-1.36442e+37	-9.20154e+55	
1.80506	-1.61041e+37	-1.17989e+56	
1.80506	-1.86763e+37	-1.47359e+56	
1.80506	-2.20435e+37	-1.88955e+56	
1.80506	-2.55644e+37	-2.35989e+56	
1.80506	-3.01734e+37	-3.02604e+56	
1.80506	-3.49928e+37	-3.77927e+56	
1.80506	-4.13017e+37	-4.84608e+56	
1.80506	-4.78986e+37	-6.05235e+56	
1.80506	-5.65343e+37	-7.76081e+56	
1.80506	-6.55643e+37	-9.69259e+56	
1.80506	-7.73848e+37	-1.24286e+57	
1.80506	-8.97452e+37	-1.55223e+57	
1.80506	-1.05925e+38	-1.99039e+57	
1.80506	-1.22844e+38	-2.48583e+57	
1.80506	-1.44992e+38	-3.18753e+57	
1.80506	-1.68151e+38	-3.98096e+57	
1.80506	-1.98467e+38	-5.1047e+57	
1.80506	-2.30167e+38	-6.37535e+57	
1.80506	-2.71664e+38	-8.17498e+57	
1.80506	-3.15055e+38	-1.02099e+58	
1.80506	-3.71857e+38	-1.30919e+58	
1.80506	-4.31252e+38	-1.63507e+58	
1.80506	-5.09002e+38	-2.09661e+58	
1.80506	-5.90303e+38	-2.61849e+58	
1.80506	-6.96728e+38	-3.35764e+58	
1.80506	-8.08014e+38	-4.19341e+58	
1.80506	-9.5369e+38	-5.37713e+58	
1.80506	-1.10602e+39	-6.71558e+58	
1.80506	-1.30542e+39	-8.61125e+58	
1.80506	-1.51393e+39	-1.07547e+59	
1.80506	-1.78688e+39	-1.37906e+59	
1.80506	-2.07229e+39	-1.72233e+59	
1.80506	-2.4459e+39	-2.2085e+59	
1.80506	-2.83658e+39	-2.75823e+59	
1.80506	-3.34798e+39	-3.53683e+59	
1.80506	-3.88274e+39	-4.4172e+59	
1.80506	-4.58276e+39	-5.66408e+59	
1.80506	-5.31475e+39	-7.07397e+59	
1.80506	-6.27294e+39	-9.0708e+59	
1.80506	-7.27489e+39	-1.13287e+60	
1.80506	-8.58648e+39	-1.45265e+60	
1.80506	-9.95796e+39	-1.81424e+60	
1.80506	-1.17533e+40	-2.32636e+60	
1.80506	-1.36306e+40	-2.90543e+60	
1.80506	-1.6088e+40	-3.72558e+60	
1.80506	-1.86577e+40	-4.65293e+60	
1.80506	-2.20215e+40	-5.96636e+60	
1.80506	-2.55389e+40	-7.45148e+60	
1.80506	-3.01433e+40	-9.55488e+60	
1.80506	-3.4958e+40	-1.19332e+61	
1.80506	-4.12605e+40	-1.53018e+61	
1.80506	-4.78509e+40	-1.91106e+61	
1.80506	-5.64779e+40	-2.45051e+61	
1.80506	-6.54989e+40	-3.06049e+61	
1.80506	-7.73077e+40	-3.9244e+61	
1.80506	-8.96557e+40	-4.90124e+61	
1.80506	-1.0582e+41	-6.28476e+61	
1.80506	-1.22722e+41	-7.84914e+61	
1.80506	-1.44847e+41	-1.00648e+62	
1.80506	-1.67983e+41	-1.25701e+62	
1.80506	-1.98269e+41	-1.61184e+62	
1.80506	-2.29938e+41	-2.01305e+62	
1.80506	-2.71393e+41	-2.58129e+62	
1.80506	-3.14741e+41	-3.22381e+62	
1.80506	-3.71486e+41	-4.13383e+62	
1.80506	-4.30822e+41	-5.16281e+62	
1.80506	-5.08494e+41	-6.62016e+62	
1.80506	-5.89714e+41	-8.26803e+62	
1.80506	-6.96034e+41	-1.06019e+63	
1.80506	-8.07208e+41	-1.32409e+63	
1.80506	-9.52739e+41	-1.69785e+63	
1.80506	-1.10492e+42	-2.12048e+63	
1.80506	-1.30412e+42	-2.71904e+63	
1.80506	-1.51242e+42	-3.39586e+63	
1.80506	-1.7851e+42	-4.35444e+63	
1.80506	-2.07022e+42	-5.43833e+63	
1.80506	-2.44346e+42	-6.97346e+63	
1.80506	-2.83375e+42	-8.70926e+63	
1.80506	-3.34464e+42	-1.11677e+64	
1.80506	-3.87887e+42	-1.39475e+64	
1.80506	-4.57819e+42	-1.78846e+64	
1.80506	-5.30945e+42	-2.23364e+64	
1.80506	-6.26668e+42	-2.86415e+64	
1.80506	-7.26764e+42	-3.57708e+64	
1.80506	-8.57792e+42	-4.58682e+64	
1.80506	-9.94803e+42	-5.72856e+64	
1.80506	-1.17416e+43	-7.34561e+64	
1.80506	-1.3617e+43	-9.17405e+64	
1.80506	-1.6072e+43	-1.17637e+65	
1.80506	-1.86391e+43	-1.46919e+65	
1.80506	-2.19995e+43	-1.88391e+65	
1.80506	-2.55134e+43	-2.35284e+65	
1.80506	-3.01132e+43	-3.017e+65	
1.80506	-3.49231e+43	-3.76798e+65	
1.80506	-4.12194e+43	-4.83161e+65	
1.80506	-4.78032e+43	-6.03427e+65	
1.80506	-5.64216e+43	-7.73762e+65	
1.80506	-6.54336e+43	-9.66364e+65	
1.80506	-7.72306e+43	-1.23915e+66	
1.80506	-8.95664e+43	-1.54759e+66	
1.80506	-1.05714e+44	-1.98445e+66	
1.80506	-1.226e+44	-2.47841e+66	
1.80506	-1.44703e+44	-3.17801e+66	
1.80506	-1.67816e+44	-3.96907e+66	
1.80506	-1.98071e+44	-5.08945e+66	
1.80506	-2.29708e+44	-6.3563e+66	
1.80506	-2.71122e+44	-8.15055e+66	
1.80506	-3.14428e+44	-1.01794e+67	
1.80506	-3.71116e+44	-1.30528e+67	
1.80506	-4.30392e+44	-1.63018e+67	
1.80506	-5.07988e+44	-2.09035e+67	
1.80506	-5.89127e+44	-2.61067e+67	
1.80506	-6.9534e+44	-3.34761e+67	
1.80506	-8.06404e+44	-4.18088e+67	
1.80506	-9.5179e+44	-5.36106e+67	
1.80506	-1.10382e+45	-6.69552e+67	
1.80506	-1.30282e+45	-8.58552e+67	
1.80506	-1.51092e+45	-1.07226e+68	
1.80506	-1.78332e+45	-1.37494e+68	
1.80506	-2.06816e+45	-1.71718e+68	
1.80506	-2.44103e+45	-2.2019e+68	
1.80506	-2.83092e+45	-2.74999e+68	
1.80506	-3.34131e+45	-3.52626e+68	
1.80506	-3.87501e+45	-4.404e+68	
1.80506	-4.57363e+45	-5.64716e+68	
1.80506	-5.30416e+45	-7.05283e+68	
1.80506	-6.26044e+45	-9.0437e+68	
1.80506	-7.26039e+45	-1.12948e+69	
1.80506	-8.56937e+45	-1.44831e+69	
1.80506	-9.93812e+45	-1.80882e+69	
1.80506	-1.17299e+46	-2.31941e+69	
1.80506	-1.36034e+46	-2.89675e+69	
1.80506	-1.6056e+46	-3.71445e+69	
1.80506	-1.86205e+46	-4.63903e+69	
1.80506	-2.19776e+46	-5.94853e+69	
1.80506	-2.5488e+46	-7.42922e+69	
1.80506	-3.00832e+46	-9.52634e+69	
1.80506	-3.48883e+46	-1.18976e+70	
1.80506	-4.11783e+46	-1.5256e+70	
1.80506	-4.77556e+46	-1.90535e+70	
1.80506	-5.63654e+46	-2.44319e+70	
1.80506	-6.53684e+46	-3.05134e+70	
1.80506	-7.71536e+46	-3.91267e+70	
1.80506	-8.94771e+46	-4.8866e+70	
1.80506	-1.05609e+47	-6.26599e+70	
1.80506	-1.22477e+47	-7.82569e+70	
1.80506	-1.44559e+47	-1.00347e+71	
1.80506	-1.67649e+47	-1.25325e+71	
1.80506	-1.97874e+47	-1.60702e+71	
1.80506	-2.29479e+47	-2.00703e+71	
1.80506	-2.70852e+47	-2.57358e+71	
1.80506	-3.14114e+47	-3.21418e+71	
1.80506	-3.70746e+47	-4.12148e+71	
1.80506	-4.29963e+47	-5.14738e+71	
1.80506	-5.07481e+47	-6.60038e+71	
1.80506	-5.88539e+47	-8.24333e+71	
1.80506	-6.94647e+47	-1.05702e+72	
1.80506	-8.056e+47	-1.32014e+72	
1.80506	-9.50841e+47	-1.69278e+72	
1.80506	-1.10272e+48	-2.11414e+72	
1.80506	-1.30152e+48	-2.71092e+72	
1.80506	-1.50941e+48	-3.38571e+72	
1.80506	-1.78154e+48	-4.34143e+72	
1.80506	-2.0661e+48	-5.42208e+72	
1.80506	-2.4386e+48	-6.95263e+72	
1.80506	-2.8281e+48	-8.68325e+72	
1.80506	-3.33798e+48	-1.11343e+73	
1.80506	-3.87114e+48	-1.39059e+73	
1.80506	-4.56907e+48	-1.78312e+73	
1.80506	-5.29887e+48	-2.22697e+73	
1.80506	-6.2542e+48	-2.8556e+73	
1.80506	-7.25316e+48	-3.5664e+73	
1.80506	-8.56082e+48	-4.57312e+73	
1.80506	-9.92821e+48	-5.71144e+73	
1.80506	-1.17182e+49	-7.32367e+73	
1.80506	-1.35899e+49	-9.14664e+73	
1.80506	-1.604e+49	-1.17286e+74	
1.80506	-1.8602e+49	-1.4648e+74	
1.80506	-2.19557e+49	-1.87828e+74	
1.80506	-2.54626e+49	-2.34581e+74	
1.80506	-3.00532e+49	-3.00799e+74	
1.80506	-3.48535e+49	-3.75673e+74	
1.80506	-4.11373e+49	-4.81717e+74	
1.80506	-4.7708e+49	-6.01624e+74	
1.80506	-5.63092e+49	-7.71451e+74	
1.80506	-6.53032e+49	-9.63477e+74	
1.80506	-7.70767e+49	-1.23545e+75	
1.80506	-8.93879e+49	-1.54297e+75	
1.80506	-1.05504e+50	-1.97852e+75	
1.80506	-1.22355e+50	-2.471e+75	
1.80506	-1.44415e+50	-3.16852e+75	
1.80506	-1.67481e+50	-3.95721e+75	
1.80506	-1.97677e+50	-5.07425e+75	
1.80506	-2.29251e+50	-6.33731e+75	
1.80506	-2.70582e+50	-8.1262e+75	
1.80506	-3.13801e+50	-1.01489e+76	
1.80506	-3.70376e+50	-1.30138e+76	
1.80506	-4.29535e+50	-1.62531e+76	
1.80506	-5.06975e+50	-2.0841e+76	
1.80506	-5.87953e+50	-2.60287e+76	
1.80506	-6.93954e+50	-3.33761e+76	
1.80506	-8.04797e+50	-4.16839e+76	
1.80506	-9.49893e+50	-5.34505e+76	
1.80506	-1.10162e+51	-6.67551e+76	
1.80506	-1.30023e+51	-8.55987e+76	
1.80506	-1.50791e+51	-1.06906e+77	
1.80506	-1.77977e+51	-1.37083e+77	
1.80506	-2.06404e+51	-1.71205e+77	
1.80506	-2.43616e+51	-2.19533e+77	
1.80506	-2.82528e+51	-2.74178e+77	
1.80506	-3.33465e+51	-3.51573e+77	
1.80506	-3.86728e+51	-4.39085e+77	
1.80506	-4.56451e+51	-5.63029e+77	
1.80506	-5.29359e+51	-7.03176e+77	
1.80506	-6.24796e+51	-9.01669e+77	
1.80506	-7.24593e+51	-1.12611e+78	
1.80506	-8.55229e+51	-1.44399e+78	
1.80506	-9.91832e+51	-1.80342e+78	
1.80506	-1.17065e+52	-2.31248e+78	
1.80506	-1.35763e+52	-2.8881e+78	
1.80506	-1.6024e+52	-3.70335e+78	
1.80506	-1.85834e+52	-4.62517e+78	
1.80506	-2.19338e+52	-5.93076e+78	
1.80506	-2.54372e+52	-7.40703e+78	
1.80506	-3.00233e+52	-9.49788e+78	
1.80506	-3.48188e+52	-1.18621e+79	
1.80506	-4.10962e+52	-1.52105e+79	
1.80506	-4.76604e+52	-1.89966e+79	
1.80506	-5.62531e+52	-2.43589e+79	
1.80506	-6.52381e+52	-3.04223e+79	
1.80506	-7.69999e+52	-3.90099e+79	
1.80506	-8.92988e+52	-4.872e+79	
1.80506	-1.05398e+53	-6.24727e+79	
1.80506	-1.22233e+53	-7.80232e+79	
1.80506	-1.44271e+53	-1.00047e+80	
1.80506	-1.67314e+53	-1.24951e+80	
1.80506	-1.97479e+53	-1.60222e+80	
1.80506	-2.29022e+53	-2.00104e+80	
1.80506	-2.70312e+53	-2.56589e+80	
1.80506	-3.13488e+53	-3.20458e+80	
1.80506	-3.70007e+53	-4.10917e+80	
1.80506	-4.29107e+53	-5.13201e+80	
1.80506	-5.0647e+53	-6.58067e+80	
1.80506	-5.87367e+53	-8.2187e+80	
1.80506	-6.93263e+53	-1.05387e+81	
1.80506	-8.03995e+53	-1.31619e+81	
1.80506	-9.48946e+53	-1.68773e+81	
1.80506	-1.10052e+54	-2.10783e+81	
1.80506	-1.29893e+54	-2.70282e+81	
1.80506	-1.5064e+54	-3.3756e+81	
1.80506	-1.77799e+54	-4.32846e+81	
1.80506	-2.06198e+54	-5.40589e+81	
1.80506	-2.43374e+54	-6.93186e+81	
1.80506	-2.82247e+54	-8.65731e+81	
1.80506	-3.33133e+54	-1.11011e+82	
1.80506	-3.86343e+54	-1.38643e+82	
1.80506	-4.55996e+54	-1.77779e+82	
1.80506	-5.28831e+54	-2.22031e+82	
1.80506	-6.24174e+54	-2.84706e+82	
1.80506	-7.2387e+54	-3.55574e+82	
1.80506	-8.54377e+54	-4.55946e+82	
1.80506	-9.90843e+54	-5.69438e+82	
1.80506	-1.16948e+55	-7.30179e+82	
1.80506	-1.35628e+55	-9.11932e+82	
1.80506	-1.6008e+55	-1.16935e+83	
1.80506	-1.85649e+55	-1.46042e+83	
1.80506	-2.1912e+55	-1.87267e+83	
1.80506	-2.54119e+55	-2.33881e+83	
1.80506	-2.99934e+55	-2.999e+83	
1.80506	-3.47841e+55	-3.7455e+83	
1.80506	-4.10553e+55	-4.80278e+83	
1.80506	-4.76129e+55	-5.99827e+83	
1.80506	-5.6197e+55	-7.69146e+83	
1.80506	-6.51731e+55	-9.60599e+83	
1.80506	-7.69231e+55	-1.23176e+84	
1.80506	-8.92098e+55	-1.53836e+84	
1.80506	-1.05293e+56	-1.97261e+84	
1.80506	-1.22111e+56	-2.46362e+84	
1.80506	-1.44127e+56	-3.15905e+84	
1.80506	-1.67148e+56	-3.94539e+84	
1.80506	-1.97283e+56	-5.05909e+84	
1.80506	-2.28794e+56	-6.31838e+84	
1.80506	-2.70043e+56	-8.10193e+84	
1.80506	-3.13176e+56	-1.01186e+85	
1.80506	-3.69638e+56	-1.29749e+85	
1.80506	-4.28679e+56	-1.62046e+85	
1.80506	-5.05965e+56	-2.07788e+85	
1.80506	-5.86781e+56	-2.5951e+85	
1.80506	-6.92571e+56	-3.32764e+85	
1.80506	-8.03193e+56	-4.15594e+85	
1.80506	-9.48e+56	-5.32908e+85	
1.80506	-1.09942e+57	-6.65557e+85	
1.80506	-1.29763e+57	-8.5343e+85	
1.80506	-1.5049e+57	-1.06586e+86	
1.80506	-1.77622e+57	-1.36673e+86	
1.80506	-2.05993e+57	-1.70694e+86	
1.80506	-2.43131e+57	-2.18877e+86	
1.80506	-2.81965e+57	-2.73359e+86	
1.80506	-3.32801e+57	-3.50522e+86	
1.80506	-3.85958e+57	-4.37773e+86	
1.80506	-4.55542e+57	-5.61347e+86	
1.80506	-5.28304e+57	-7.01076e+86	
1.80506	-6.23551e+57	-8.98975e+86	
1.80506	-7.23149e+57	-1.12274e+87	
1.80506	-8.53525e+57	-1.43967e+87	
1.80506	-9.89855e+57	-1.79803e+87	
1.80506	-1.16832e+58	-2.30558e+87	
1.80506	-1.35493e+58	-2.87947e+87	
1.80506	-1.5992e+58	-3.69229e+87	
1.80506	-1.85464e+58	-4.61136e+87	
1.80506	-2.18901e+58	-5.91305e+87	
1.80506	-2.53865e+58	-7.3849e+87	
1.80506	-2.99635e+58	-9.4695e+87	
1.80506	-3.47494e+58	-1.18266e+88	
1.80506	-4.10144e+58	-1.5165e+88	
1.80506	-4.75654e+58	-1.89398e+88	
1.80506	-5.6141e+58	-2.42862e+88	
1.80506	-6.51082e+58	-3.03314e+88	
1.80506	-7.68465e+58	-3.88933e+88	
1.80506	-8.91208e+58	-4.85745e+88	
1.80506	-1.05188e+59	-6.22861e+88	
1.80506	-1.2199e+59	-7.77901e+88	
1.80506	-1.43983e+59	-9.97486e+88	
1.80506	-1.66981e+59	-1.24578e+89	
1.80506	-1.97086e+59	-1.59743e+89	
1.80506	-2.28566e+59	-1.99506e+89	
1.80506	-2.69774e+59	-2.55822e+89	
1.80506	-3.12864e+59	-3.19501e+89	
1.80506	-3.6927e+59	-4.09689e+89	
1.80506	-4.28252e+59	-5.11667e+89	
1.80506	-5.05461e+59	-6.56101e+89	
1.80506	-5.86196e+59	-8.19415e+89	
1.80506	-6.91881e+59	-1.05072e+90	
1.80506	-8.02393e+59	-1.31226e+90	
1.80506	-9.47056e+59	-1.68268e+90	
1.80506	-1.09833e+60	-2.10153e+90	
1.80506	-1.29634e+60	-2.69475e+90	
1.80506	-1.5034e+60	-3.36551e+90	
1.80506	-1.77445e+60	-4.31553e+90	
1.80506	-2.05787e+60	-5.38974e+90	
1.80506	-2.42889e+60	-6.91115e+90	
1.80506	-2.81684e+60	-8.63144e+90	
1.80506	-3.32469e+60	-1.10679e+91	
1.80506	-3.85573e+60	-1.38229e+91	
1.80506	-4.55088e+60	-1.77248e+91	
1.80506	-5.27777e+60	-2.21368e+91	
1.80506	-6.2293e+60	-2.83856e+91	
1.80506	-7.22428e+60	-3.54512e+91	
1.80506	-8.52674e+60	-4.54584e+91	
1.80506	-9.88869e+60	-5.67737e+91	
1.80506	-1.16715e+61	-7.27997e+91	
1.80506	-1.35358e+61	-9.09207e+91	
1.80506	-1.59761e+61	-1.16586e+92	
1.80506	-1.85279e+61	-1.45606e+92	
1.80506	-2.18683e+61	-1.86707e+92	
1.80506	-2.53612e+61	-2.33182e+92	
1.80506	-2.99336e+61	-2.99004e+92	
1.80506	-3.47148e+61	-3.73431e+92	
1.80506	-4.09735e+61	-4.78843e+92	
1.80506	-4.7518e+61	-5.98035e+92	
1.80506	-5.6085e+61	-7.66848e+92	
1.80506	-6.50433e+61	-9.57729e+92	
1.80506	-7.67699e+61	-1.22808e+93	
1.80506	-8.9032e+61	-1.53376e+93	
1.80506	-1.05084e+62	-1.96671e+93	
1.80506	-1.21868e+62	-2.45626e+93	
1.80506	-1.4384e+62	-3.14961e+93	
1.80506	-1.66815e+62	-3.9336e+93	
1.80506	-1.9689e+62	-5.04398e+93	
1.80506	-2.28338e+62	-6.2995e+93	
1.80506	-2.69505e+62	-8.07772e+93	
1.80506	-3.12552e+62	-1.00884e+94	
1.80506	-3.68902e+62	-1.29361e+94	
1.80506	-4.27825e+62	-1.61562e+94	
1.80506	-5.04957e+62	-2.07167e+94	
1.80506	-5.85612e+62	-2.58734e+94	
1.80506	-6.91191e+62	-3.3177e+94	
1.80506	-8.01593e+62	-4.14353e+94	
1.80506	-9.46111e+62	-5.31316e+94	
1.80506	-1.09723e+63	-6.63569e+94	
1.80506	-1.29505e+63	-8.50881e+94	
1.80506	-1.5019e+63	-1.06268e+95	
1.80506	-1.77268e+63	-1.36265e+95	
1.80506	-2.05582e+63	-1.70184e+95	
1.80506	-2.42647e+63	-2.18223e+95	
1.80506	-2.81404e+63	-2.72542e+95	
1.80506	-3.32138e+63	-3.49475e+95	
1.80506	-3.85189e+63	-4.36465e+95	
1.80506	-4.54634e+63	-5.5967e+95	
1.80506	-5.27251e+63	-6.98981e+95	
1.80506	-6.22309e+63	-8.96289e+95	
1.80506	-7.21708e+63	-1.11939e+96	
1.80506	-8.51824e+63	-1.43537e+96	
1.80506	-9.87883e+63	-1.79266e+96	
1.80506	-1.16599e+64	-2.29869e+96	
1.80506	-1.35223e+64	-2.87087e+96	
1.80506	-1.59602e+64	-3.68126e+96	
1.80506	-1.85094e+64	-4.59758e+96	
1.80506	-2.18465e+64	-5.89538e+96	
1.80506	-2.5336e+64	-7.36284e+96	
1.80506	-2.99038e+64	-9.44121e+96	
1.80506	-3.46802e+64	-1.17913e+97	
1.80506	-4.09326e+64	-1.51197e+97	
1.80506	-4.74706e+64	-1.88833e+97	
1.80506	-5.60291e+64	-2.42136e+97	
1.80506	-6.49784e+64	-3.02408e+97	
1.80506	-7.66933e+64	-3.87771e+97	
1.80506	-8.89433e+64	-4.84294e+97	
1.80506	-1.04979e+65	-6.21e+97	
1.80506	-1.21747e+65	-7.75577e+97	
1.80506	-1.43696e+65	-9.94506e+97	
1.80506	-1.66648e+65	-1.24205e+98	
1.80506	-1.96693e+65	-1.59266e+98	
1.80506	-2.2811e+65	-1.9891e+98	
1.80506	-2.69236e+65	-2.55058e+98	
1.80506	-3.1224e+65	-3.18546e+98	
1.80506	-3.68534e+65	-4.08465e+98	
1.80506	-4.27398e+65	-5.10139e+98	
1.80506	-5.04454e+65	-6.54141e+98	
1.80506	-5.85028e+65	-8.16967e+98	
1.80506	-6.90502e+65	-1.04758e+99	
1.80506	-8.00794e+65	-1.30834e+99	
1.80506	-9.45168e+65	-1.67766e+99	
1.80506	-1.09614e+66	-2.09525e+99	
1.80506	-1.29376e+66	-2.6867e+99	
1.80506	-1.50041e+66	-3.35546e+99	
1.80506	-1.77091e+66	-4.30264e+99	
1.80506	-2.05377e+66	-5.37363e+99	
1.80506	-2.42405e+66	-6.8905e+99	
1.80506	-2.81123e+66	-8.60566e+99	
1.80506	-3.31807e+66	-1.10349e+100	
1.80506	-3.84805e+66	-1.37816e+100	
1.80506	-4.54181e+66	-1.76719e+100	
1.80506	-5.26726e+66	-2.20707e+100	
1.80506	-6.21689e+66	-2.83008e+100	
1.80506	-7.20989e+66	-3.53453e+100	
1.80506	-8.50975e+66	-4.53226e+100	
1.80506	-9.86898e+66	-5.66041e+100	
1.80506	-1.16483e+67	-7.25822e+100	
1.80506	-1.35088e+67	-9.06491e+100	
1.80506	-1.59443e+67	-1.16238e+101	
1.80506	-1.8491e+67	-1.45171e+101	
1.80506	-2.18247e+67	-1.8615e+101	
1.80506	-2.53107e+67	-2.32485e+101	
1.80506	-2.98739e+67	-2.98111e+101	
1.80506	-3.46456e+67	-3.72316e+101	
1.80506	-4.08918e+67	-4.77413e+101	
1.80506	-4.74233e+67	-5.96249e+101	
1.80506	-5.59733e+67	-7.64557e+101	
1.80506	-6.49136e+67	-9.54868e+101	
1.80506	-7.66169e+67	-1.22441e+102	
1.80506	-8.88546e+67	-1.52918e+102	
1.80506	-1.04874e+68	-1.96084e+102	
1.80506	-1.21625e+68	-2.44892e+102	
1.80506	-1.43553e+68	-3.1402e+102	
1.80506	-1.66482e+68	-3.92185e+102	
1.80506	-1.96497e+68	-5.02891e+102	
1.80506	-2.27883e+68	-6.28068e+102	
1.80506	-2.68968e+68	-8.05359e+102	
1.80506	-3.11929e+68	-1.00583e+103	
1.80506	-3.68166e+68	-1.28975e+103	
1.80506	-4.26972e+68	-1.61079e+103	
1.80506	-5.03951e+68	-2.06548e+103	
1.80506	-5.84445e+68	-2.57961e+103	
1.80506	-6.89814e+68	-3.30779e+103	
1.80506	-7.99996e+68	-4.13115e+103	
1.80506	-9.44226e+68	-5.29729e+103	
1.80506	-1.09504e+69	-6.61586e+103	
1.80506	-1.29247e+69	-8.48339e+103	
1.80506	-1.49891e+69	-1.0595e+104	
1.80506	-1.76915e+69	-1.35858e+104	
1.80506	-2.05173e+69	-1.69675e+104	
1.80506	-2.42163e+69	-2.17571e+104	
1.80506	-2.80843e+69	-2.71728e+104	
1.80506	-3.31476e+69	-3.48431e+104	
1.80506	-3.84421e+69	-4.35161e+104	
1.80506	-4.53728e+69	-5.57998e+104	
1.80506	-5.26201e+69	-6.96893e+104	
1.80506	-6.21069e+69	-8.93612e+104	
1.80506	-7.2027e+69	-1.11605e+105	
1.80506	-8.50127e+69	-1.43108e+105	
1.80506	-9.85914e+69	-1.7873e+105	
1.80506	-1.16366e+70	-2.29182e+105	
1.80506	-1.34953e+70	-2.86229e+105	
1.80506	-1.59284e+70	-3.67026e+105	
1.80506	-1.84726e+70	-4.58384e+105	
1.80506	-2.1803e+70	-5.87777e+105	
1.80506	-2.52855e+70	-7.34084e+105	
1.80506	-2.98442e+70	-9.41301e+105	
1.80506	-3.46111e+70	-1.17561e+106	
1.80506	-4.08511e+70	-1.50746e+106	
1.80506	-4.73761e+70	-1.88268e+106	
1.80506	-5.59175e+70	-2.41413e+106	
1.80506	-6.48489e+70	-3.01504e+106	
1.80506	-7.65405e+70	-3.86613e+106	
1.80506	-8.8766e+70	-4.82847e+106	
1.80506	-1.0477e+71	-6.19145e+106	
1.80506	-1.21504e+71	-7.7326e+106	
1.80506	-1.4341e+71	-9.91535e+106	
1.80506	-1.66316e+71	-1.23834e+107	
1.80506	-1.96301e+71	-1.5879e+107	
1.80506	-2.27656e+71	-1.98316e+107	
1.80506	-2.687e+71	-2.54296e+107	
1.80506	-3.11618e+71	-3.17595e+107	
1.80506	-3.67799e+71	-4.07245e+107	
1.80506	-4.26547e+71	-5.08615e+107	
1.80506	-5.03449e+71	-6.52187e+107	
1.80506	-5.83862e+71	-8.14526e+107	
1.80506	-6.89127e+71	-1.04445e+108	
1.80506	-7.99198e+71	-1.30443e+108	
1.80506	-9.43285e+71	-1.67264e+108	
1.80506	-1.09395e+72	-2.08899e+108	
1.80506	-1.29118e+72	-2.67867e+108	
1.80506	-1.49742e+72	-3.34544e+108	
1.80506	-1.76738e+72	-4.28978e+108	
1.80506	-2.04968e+72	-5.35758e+108	
1.80506	-2.41922e+72	-6.86992e+108	
1.80506	-2.80563e+72	-8.57995e+108	
1.80506	-3.31145e+72	-1.10019e+109	
1.80506	-3.84038e+72	-1.37404e+109	
1.80506	-4.53276e+72	-1.76191e+109	
1.80506	-5.25676e+72	-2.20048e+109	
1.80506	-6.2045e+72	-2.82162e+109	
1.80506	-7.19552e+72	-3.52397e+109	
1.80506	-8.49279e+72	-4.51872e+109	
1.80506	-9.84932e+72	-5.6435e+109	
1.80506	-1.1625e+73	-7.23654e+109	
1.80506	-1.34819e+73	-9.03783e+109	
1.80506	-1.59125e+73	-1.1589e+110	
1.80506	-1.84541e+73	-1.44737e+110	
1.80506	-2.17812e+73	-1.85594e+110	
1.80506	-2.52603e+73	-2.31791e+110	
1.80506	-2.98144e+73	-2.97221e+110	
1.80506	-3.45766e+73	-3.71203e+110	
1.80506	-4.08104e+73	-4.75987e+110	
1.80506	-4.73288e+73	-5.94467e+110	
1.80506	-5.58617e+73	-7.62273e+110	
1.80506	-6.47843e+73	-9.52015e+110	
1.80506	-7.64642e+73	-1.22075e+111	
1.80506	-8.86776e+73	-1.52461e+111	
1.80506	-1.04665e+74	-1.95498e+111	
1.80506	-1.21383e+74	-2.44161e+111	
1.80506	-1.43267e+74	-3.13082e+111	
1.80506	-1.6615e+74	-3.91013e+111	
1.80506	-1.96106e+74	-5.01388e+111	
1.80506	-2.27429e+74	-6.26192e+111	
1.80506	-2.68432e+74	-8.02953e+111	
1.80506	-3.11307e+74	-1.00282e+112	
1.80506	-3.67433e+74	-1.2859e+112	
1.80506	-4.26122e+74	-1.60598e+112	
1.80506	-5.02947e+74	-2.05931e+112	
1.80506	-5.8328e+74	-2.57191e+112	
1.80506	-6.8844e+74	-3.2979e+112	
1.80506	-7.98402e+74	-4.11881e+112	
1.80506	-9.42345e+74	-5.28146e+112	
1.80506	-1.09286e+75	-6.5961e+112	
1.80506	-1.28989e+75	-8.45804e+112	
1.80506	-1.49592e+75	-1.05634e+113	
1.80506	-1.76562e+75	-1.35452e+113	
1.80506	-2.04764e+75	-1.69168e+113	
1.80506	-2.41681e+75	-2.16921e+113	
1.80506	-2.80283e+75	-2.70916e+113	
1.80506	-3.30815e+75	-3.4739e+113	
1.80506	-3.83655e+75	-4.33861e+113	
1.80506	-4.52824e+75	-5.56331e+113	
1.80506	-5.25152e+75	-6.94811e+113	
1.80506	-6.19831e+75	-8.90942e+113	
1.80506	-7.18835e+75	-1.11271e+114	
1.80506	-8.48433e+75	-1.42681e+114	
1.80506	-9.8395e+75	-1.78196e+114	
1.80506	-1.16135e+76	-2.28497e+114	
1.80506	-1.34684e+76	-2.85374e+114	
1.80506	-1.58966e+76	-3.65929e+114	
1.80506	-1.84358e+76	-4.57015e+114	
1.80506	-2.17595e+76	-5.86021e+114	
1.80506	-2.52351e+76	-7.31891e+114	
1.80506	-2.97847e+76	-9.38489e+114	
1.80506	-3.45421e+76	-1.17209e+115	
1.80506	-4.07697e+76	-1.50295e+115	
1.80506	-4.72817e+76	-1.87706e+115	
1.80506	-5.5806e+76	-2.40692e+115	
1.80506	-6.47197e+76	-3.00604e+115	
1.80506	-7.6388e+76	-3.85458e+115	
1.80506	-8.85892e+76	-4.81404e+115	
1.80506	-1.04561e+77	-6.17295e+115	
1.80506	-1.21262e+77	-7.7095e+115	
1.80506	-1.43124e+77	-9.88573e+115	
1.80506	-1.65985e+77	-1.23464e+116	
1.80506	-1.9591e+77	-1.58316e+116	
1.80506	-2.27202e+77	-1.97723e+116	
1.80506	-2.68164e+77	-2.53537e+116	
1.80506	-3.10997e+77	-3.16646e+116	
1.80506	-3.67067e+77	-4.06029e+116	
1.80506	-4.25697e+77	-5.07095e+116	
1.80506	-5.02445e+77	-6.50238e+116	
1.80506	-5.82699e+77	-8.12093e+116	
1.80506	-6.87753e+77	-1.04133e+117	
1.80506	-7.97606e+77	-1.30053e+117	
1.80506	-9.41405e+77	-1.66765e+117	
1.80506	-1.09177e+78	-2.08275e+117	
1.80506	-1.28861e+78	-2.67067e+117	
1.80506	-1.49443e+78	-3.33544e+117	
1.80506	-1.76386e+78	-4.27697e+117	
1.80506	-2.0456e+78	-5.34158e+117	
1.80506	-2.4144e+78	-6.84939e+117	
1.80506	-2.80004e+78	-8.55432e+117	
1.80506	-3.30486e+78	-1.0969e+118	
1.80506	-3.83273e+78	-1.36994e+118	
1.80506	-4.52373e+78	-1.75664e+118	
1.80506	-5.24629e+78	-2.1939e+118	
1.80506	-6.19213e+78	-2.8132e+118	
1.80506	-7.18118e+78	-3.51344e+118	
1.80506	-8.47587e+78	-4.50522e+118	
1.80506	-9.82969e+78	-5.62664e+118	
1.80506	-1.16019e+79	-7.21492e+118	
1.80506	-1.3455e+79	-9.01083e+118	
1.80506	-1.58808e+79	-1.15544e+119	
1.80506	-1.84174e+79	-1.44305e+119	
1.80506	-2.17378e+79	-1.85039e+119	
1.80506	-2.52099e+79	-2.31098e+119	
1.80506	-2.9755e+79	-2.96333e+119	
1.80506	-3.45077e+79	-3.70095e+119	
1.80506	-4.0729e+79	-4.74565e+119	
1.80506	-4.72345e+79	-5.92691e+119	
1.80506	-5.57504e+79	-7.59996e+119	
1.80506	-6.46552e+79	-9.49171e+119	
1.80506	-7.63119e+79	-1.2171e+120	
1.80506	-8.85009e+79	-1.52006e+120	
1.80506	-1.04457e+80	-1.94914e+120	
1.80506	-1.21141e+80	-2.43431e+120	
1.80506	-1.42982e+80	-3.12147e+120	
1.80506	-1.65819e+80	-3.89845e+120	
1.80506	-1.95715e+80	-4.99891e+120	
1.80506	-2.26976e+80	-6.24321e+120	
1.80506	-2.67897e+80	-8.00555e+120	
1.80506	-3.10687e+80	-9.99825e+120	
1.80506	-3.66701e+80	-1.28206e+121	
1.80506	-4.25272e+80	-1.60118e+121	
1.80506	-5.01944e+80	-2.05316e+121	
1.80506	-5.82118e+80	-2.56422e+121	
1.80506	-6.87068e+80	-3.28805e+121	
1.80506	-7.96811e+80	-4.1065e+121	
1.80506	-9.40467e+80	-5.26568e+121	
1.80506	-1.09068e+81	-6.57639e+121	
1.80506	-1.28732e+81	-8.43278e+121	
1.80506	-1.49294e+81	-1.05318e+122	
1.80506	-1.7621e+81	-1.35047e+122	
1.80506	-2.04356e+81	-1.68663e+122	
1.80506	-2.41199e+81	-2.16273e+122	
1.80506	-2.79725e+81	-2.70107e+122	
1.80506	-3.30156e+81	-3.46352e+122	
1.80506	-3.82891e+81	-4.32565e+122	
1.80506	-4.51922e+81	-5.54669e+122	
1.80506	-5.24106e+81	-6.92736e+122	
1.80506	-6.18596e+81	-8.88281e+122	
1.80506	-7.17402e+81	-1.10939e+123	
1.80506	-8.46742e+81	-1.42255e+123	
1.80506	-9.81989e+81	-1.77664e+123	
1.80506	-1.15903e+82	-2.27815e+123	
1.80506	-1.34416e+82	-2.84522e+123	
1.80506	-1.5865e+82	-3.64836e+123	
1.80506	-1.8399e+82	-4.5565e+123	
1.80506	-2.17162e+82	-5.8427e+123	
1.80506	-2.51848e+82	-7.29705e+123	
1.80506	-2.97254e+82	-9.35685e+123	
1.80506	-3.44733e+82	-1.16859e+124	
1.80506	-4.06884e+82	-1.49846e+124	
1.80506	-4.71874e+82	-1.87145e+124	
1.80506	-5.56948e+82	-2.39973e+124	
1.80506	-6.45908e+82	-2.99706e+124	
1.80506	-7.62358e+82	-3.84306e+124	
1.80506	-8.84126e+82	-4.79966e+124	
1.80506	-1.04352e+83	-6.15451e+124	
1.80506	-1.2102e+83	-7.68647e+124	
1.80506	-1.42839e+83	-9.8562e+124	
1.80506	-1.65654e+83	-1.23096e+125	
1.80506	-1.9552e+83	-1.57843e+125	
1.80506	-2.26749e+83	-1.97133e+125	
1.80506	-2.6763e+83	-2.52779e+125	
1.80506	-3.10377e+83	-3.157e+125	
1.80506	-3.66335e+83	-4.04816e+125	
1.80506	-4.24849e+83	-5.05581e+125	
1.80506	-5.01444e+83	-6.48296e+125	
1.80506	-5.81538e+83	-8.09667e+125	
1.80506	-6.86383e+83	-1.03822e+126	
1.80506	-7.96016e+83	-1.29665e+126	
1.80506	-9.3953e+83	-1.66267e+126	
1.80506	-1.0896e+84	-2.07653e+126	
1.80506	-1.28604e+84	-2.66269e+126	
1.80506	-1.49145e+84	-3.32548e+126	
1.80506	-1.76035e+84	-4.26419e+126	
1.80506	-2.04152e+84	-5.32562e+126	
1.80506	-2.40959e+84	-6.82893e+126	
1.80506	-2.79446e+84	-8.52876e+126	
1.80506	-3.29827e+84	-1.09363e+127	
1.80506	-3.82509e+84	-1.36585e+127	
1.80506	-4.51471e+84	-1.7514e+127	
1.80506	-5.23583e+84	-2.18735e+127	
1.80506	-6.1798e+84	-2.80479e+127	
1.80506	-7.16687e+84	-3.50295e+127	
1.80506	-8.45898e+84	-4.49176e+127	
1.80506	-9.8101e+84	-5.60983e+127	
1.80506	-1.15788e+85	-7.19337e+127	
1.80506	-1.34282e+85	-8.98391e+127	
1.80506	-1.58492e+85	-1.15199e+128	
1.80506	-1.83807e+85	-1.43874e+128	
1.80506	-2.16945e+85	-1.84486e+128	
1.80506	-2.51597e+85	-2.30408e+128	
1.80506	-2.96957e+85	-2.95447e+128	
1.80506	-3.44389e+85	-3.68989e+128	
1.80506	-4.06479e+85	-4.73147e+128	
1.80506	-4.71404e+85	-5.90921e+128	
1.80506	-5.56393e+85	-7.57726e+128	
1.80506	-6.45264e+85	-9.46336e+128	
1.80506	-7.61598e+85	-1.21347e+129	
1.80506	-8.83245e+85	-1.51552e+129	
1.80506	-1.04248e+86	-1.94332e+129	
1.80506	-1.209e+86	-2.42704e+129	
1.80506	-1.42697e+86	-3.11214e+129	
1.80506	-1.65489e+86	-3.88681e+129	
1.80506	-1.95325e+86	-4.98397e+129	
1.80506	-2.26523e+86	-6.22456e+129	
1.80506	-2.67363e+86	-7.98163e+129	
1.80506	-3.10068e+86	-9.96838e+129	
1.80506	-3.6597e+86	-1.27823e+130	
1.80506	-4.24425e+86	-1.5964e+130	
1.80506	-5.00944e+86	-2.04703e+130	
1.80506	-5.80958e+86	-2.55656e+130	
1.80506	-6.85699e+86	-3.27823e+130	
1.80506	-7.95223e+86	-4.09423e+130	
1.80506	-9.38593e+86	-5.24995e+130	
1.80506	-1.08851e+87	-6.55675e+130	
1.80506	-1.28476e+87	-8.40758e+130	
1.80506	-1.48997e+87	-1.05004e+131	
1.80506	-1.75859e+87	-1.34644e+131	
1.80506	-2.03949e+87	-1.68159e+131	
1.80506	-2.40718e+87	-2.15627e+131	
1.80506	-2.79167e+87	-2.693e+131	
1.80506	-3.29498e+87	-3.45318e+131	
1.80506	-3.82128e+87	-4.31273e+131	
1.80506	-4.51021e+87	-5.53012e+131	
1.80506	-5.23061e+87	-6.90666e+131	
1.80506	-6.17364e+87	-8.85627e+131	
1.80506	-7.15973e+87	-1.10607e+132	
1.80506	-8.45055e+87	-1.4183e+132	
1.80506	-9.80032e+87	-1.77133e+132	
1.80506	-1.15672e+88	-2.27134e+132	
1.80506	-1.34148e+88	-2.83672e+132	
1.80506	-1.58334e+88	-3.63746e+132	
1.80506	-1.83624e+88	-4.54289e+132	
1.80506	-2.16729e+88	-5.82525e+132	
1.80506	-2.51346e+88	-7.27525e+132	
1.80506	-2.96661e+88	-9.3289e+132	
1.80506	-3.44046e+88	-1.1651e+133	
1.80506	-4.06074e+88	-1.49399e+133	
1.80506	-4.70934e+88	-1.86586e+133	
1.80506	-5.55839e+88	-2.39256e+133	
1.80506	-6.44621e+88	-2.9881e+133	
1.80506	-7.60839e+88	-3.83158e+133	
1.80506	-8.82365e+88	-4.78532e+133	
1.80506	-1.04145e+89	-6.13612e+133	
1.80506	-1.20779e+89	-7.6635e+133	
1.80506	-1.42554e+89	-9.82675e+133	
1.80506	-1.65324e+89	-1.22728e+134	
1.80506	-1.9513e+89	-1.57371e+134	
1.80506	-2.26298e+89	-1.96544e+134	
1.80506	-2.67097e+89	-2.52024e+134	
1.80506	-3.09759e+89	-3.14757e+134	
1.80506	-3.65605e+89	-4.03606e+134	
1.80506	-4.24002e+89	-5.0407e+134	
1.80506	-5.00445e+89	-6.46359e+134	
1.80506	-5.80379e+89	-8.07248e+134	
1.80506	-6.85015e+89	-1.03512e+135	
1.80506	-7.9443e+89	-1.29277e+135	
1.80506	-9.37658e+89	-1.6577e+135	
1.80506	-1.08743e+90	-2.07033e+135	
1.80506	-1.28348e+90	-2.65474e+135	
1.80506	-1.48848e+90	-3.31554e+135	
1.80506	-1.75684e+90	-4.25145e+135	
1.80506	-2.03745e+90	-5.30971e+135	
1.80506	-2.40478e+90	-6.80853e+135	
1.80506	-2.78889e+90	-8.50328e+135	
1.80506	-3.2917e+90	-1.09036e+136	
1.80506	-3.81747e+90	-1.36177e+136	
1.80506	-4.50572e+90	-1.74616e+136	
1.80506	-5.2254e+90	-2.18081e+136	
1.80506	-6.16748e+90	-2.79641e+136	
1.80506	-7.15259e+90	-3.49248e+136	
1.80506	-8.44213e+90	-4.47834e+136	
1.80506	-9.79056e+90	-5.59307e+136	
1.80506	-1.15557e+91	-7.17188e+136	
1.80506	-1.34014e+91	-8.95707e+136	
1.80506	-1.58176e+91	-1.14855e+137	
1.80506	-1.83441e+91	-1.43444e+137	
1.80506	-2.16513e+91	-1.83935e+137	
1.80506	-2.51096e+91	-2.2972e+137	
1.80506	-2.96366e+91	-2.94565e+137	
1.80506	-3.43703e+91	-3.67887e+137	
1.80506	-4.05669e+91	-4.71733e+137	
1.80506	-4.70465e+91	-5.89155e+137	
1.80506	-5.55285e+91	-7.55462e+137	
1.80506	-6.43978e+91	-9.43508e+137	
1.80506	-7.6008e+91	-1.20984e+138	
1.80506	-8.81485e+91	-1.51099e+138	
1.80506	-1.04041e+92	-1.93751e+138	
1.80506	-1.20659e+92	-2.41979e+138	
1.80506	-1.42412e+92	-3.10285e+138	
1.80506	-1.65159e+92	-3.8752e+138	
1.80506	-1.94936e+92	-4.96908e+138	
1.80506	-2.26072e+92	-6.20597e+138	
1.80506	-2.6683e+92	-7.95779e+138	
1.80506	-3.0945e+92	-9.9386e+138	
1.80506	-3.65241e+92	-1.27441e+139	
1.80506	-4.23579e+92	-1.59163e+139	
1.80506	-4.99946e+92	-2.04091e+139	
1.80506	-5.79801e+92	-2.54893e+139	
1.80506	-6.84332e+92	-3.26844e+139	
1.80506	-7.93638e+92	-4.082e+139	
1.80506	-9.36723e+92	-5.23427e+139	
1.80506	-1.08634e+93	-6.53716e+139	
1.80506	-1.2822e+93	-8.38247e+139	
1.80506	-1.487e+93	-1.0469e+140	
1.80506	-1.75509e+93	-1.34242e+140	
1.80506	-2.03542e+93	-1.67657e+140	
1.80506	-2.40239e+93	-2.14983e+140	
1.80506	-2.78611e+93	-2.68495e+140	
1.80506	-3.28842e+93	-3.44286e+140	
1.80506	-3.81366e+93	-4.29985e+140	
1.80506	-4.50123e+93	-5.5136e+140	
1.80506	-5.22019e+93	-6.88603e+140	
1.80506	-6.16133e+93	-8.82981e+140	
1.80506	-7.14546e+93	-1.10277e+141	
1.80506	-8.43371e+93	-1.41406e+141	
1.80506	-9.7808e+93	-1.76604e+141	
1.80506	-1.15442e+94	-2.26456e+141	
1.80506	-1.33881e+94	-2.82824e+141	
1.80506	-1.58018e+94	-3.6266e+141	
1.80506	-1.83258e+94	-4.52931e+141	
1.80506	-2.16297e+94	-5.80785e+141	
1.80506	-2.50845e+94	-7.25351e+141	
1.80506	-2.9607e+94	-9.30103e+141	
1.80506	-3.4336e+94	-1.16162e+142	
1.80506	-4.05264e+94	-1.48952e+142	
1.80506	-4.69996e+94	-1.86029e+142	
1.80506	-5.54731e+94	-2.38541e+142	
1.80506	-6.43336e+94	-2.97918e+142	
1.80506	-7.59323e+94	-3.82014e+142	
1.80506	-8.80606e+94	-4.77103e+142	
1.80506	-1.03937e+95	-6.11779e+142	
1.80506	-1.20539e+95	-7.64061e+142	
1.80506	-1.4227e+95	-9.7974e+142	
1.80506	-1.64995e+95	-1.22361e+143	
1.80506	-1.94741e+95	-1.56901e+143	
1.80506	-2.25847e+95	-1.95957e+143	
1.80506	-2.66564e+95	-2.51271e+143	
1.80506	-3.09142e+95	-3.13816e+143	
1.80506	-3.64877e+95	-4.024e+143	
1.80506	-4.23157e+95	-5.02564e+143	
1.80506	-4.99448e+95	-6.44428e+143	
1.80506	-5.79223e+95	-8.04836e+143	
1.80506	-6.8365e+95	-1.03203e+144	
1.80506	-7.92847e+95	-1.28891e+144	
1.80506	-9.35789e+95	-1.65275e+144	
1.80506	-1.08526e+96	-2.06414e+144	
1.80506	-1.28092e+96	-2.64681e+144	
1.80506	-1.48552e+96	-3.30564e+144	
1.80506	-1.75334e+96	-4.23875e+144	
1.80506	-2.03339e+96	-5.29385e+144	
1.80506	-2.39999e+96	-6.78819e+144	
1.80506	-2.78333e+96	-8.47788e+144	
1.80506	-3.28514e+96	-1.0871e+145	
1.80506	-3.80986e+96	-1.3577e+145	
1.80506	-4.49674e+96	-1.74095e+145	
1.80506	-5.21499e+96	-2.1743e+145	
1.80506	-6.15519e+96	-2.78806e+145	
1.80506	-7.13834e+96	-3.48205e+145	
1.80506	-8.42531e+96	-4.46496e+145	
1.80506	-9.77105e+96	-5.57636e+145	
1.80506	-1.15327e+97	-7.15045e+145	
1.80506	-1.33747e+97	-8.93032e+145	
1.80506	-1.57861e+97	-1.14512e+146	
1.80506	-1.83075e+97	-1.43015e+146	
1.80506	-2.16081e+97	-1.83386e+146	
1.80506	-2.50595e+97	-2.29033e+146	
1.80506	-2.95775e+97	-2.93685e+146	
1.80506	-3.43018e+97	-3.66788e+146	
1.80506	-4.0486e+97	-4.70324e+146	
1.80506	-4.69527e+97	-5.87395e+146	
1.80506	-5.54178e+97	-7.53205e+146	
1.80506	-6.42695e+97	-9.4069e+146	
1.80506	-7.58566e+97	-1.20623e+147	
1.80506	-8.79729e+97	-1.50648e+147	
1.80506	-1.03833e+98	-1.93172e+147	
1.80506	-1.20418e+98	-2.41256e+147	
1.80506	-1.42129e+98	-3.09358e+147	
1.80506	-1.6483e+98	-3.86362e+147	
1.80506	-1.94547e+98	-4.95424e+147	
1.80506	-2.25622e+98	-6.18743e+147	
1.80506	-2.66299e+98	-7.93401e+147	
1.80506	-3.08834e+98	-9.90891e+147	
1.80506	-3.64513e+98	-1.2706e+148	
1.80506	-4.22735e+98	-1.58687e+148	
1.80506	-4.9895e+98	-2.03481e+148	
1.80506	-5.78645e+98	-2.54131e+148	
1.80506	-6.82969e+98	-3.25867e+148	
1.80506	-7.92057e+98	-4.06981e+148	
1.80506	-9.34856e+98	-5.21863e+148	
1.80506	-1.08418e+99	-6.51763e+148	
1.80506	-1.27964e+99	-8.35742e+148	
1.80506	-1.48404e+99	-1.04377e+149	
1.80506	-1.75159e+99	-1.33841e+149	
1.80506	-2.03137e+99	-1.67156e+149	
1.80506	-2.3976e+99	-2.14341e+149	
1.80506	-2.78056e+99	-2.67693e+149	
1.80506	-3.28186e+99	-3.43258e+149	
1.80506	-3.80606e+99	-4.287e+149	
1.80506	-4.49226e+99	-5.49713e+149	
1.80506	-5.20979e+99	-6.86546e+149	
1.80506	-6.14906e+99	-8.80343e+149	
1.80506	-7.13122e+99	-1.09947e+150	
1.80506	-8.41691e+99	-1.40983e+150	
1.80506	-9.76131e+99	-1.76076e+150	
1.80506	-1.15212e+100	-2.25779e+150	
1.80506	-1.33614e+100	-2.81979e+150	
1.80506	-1.57703e+100	-3.61576e+150	
1.80506	-1.82892e+100	-4.51578e+150	
1.80506	-2.15866e+100	-5.7905e+150	
1.80506	-2.50346e+100	-7.23184e+150	
1.80506	-2.9548e+100	-9.27324e+150	
1.80506	-3.42676e+100	-1.15815e+151	
1.80506	-4.04457e+100	-1.48507e+151	
1.80506	-4.69059e+100	-1.85473e+151	
1.80506	-5.53626e+100	-2.37828e+151	
1.80506	-6.42054e+100	-2.97028e+151	
1.80506	-7.5781e+100	-3.80872e+151	
1.80506	-8.78852e+100	-4.75678e+151	
1.80506	-1.0373e+101	-6.09952e+151	
1.80506	-1.20298e+101	-7.61778e+151	
1.80506	-1.41987e+101	-9.76813e+151	
1.80506	-1.64666e+101	-1.21996e+152	
1.80506	-1.94353e+101	-1.56433e+152	
1.80506	-2.25397e+101	-1.95371e+152	
1.80506	-2.66033e+101	-2.5052e+152	
1.80506	-3.08526e+101	-3.12879e+152	
1.80506	-3.6415e+101	-4.01198e+152	
1.80506	-4.22314e+101	-5.01063e+152	
1.80506	-4.98453e+101	-6.42503e+152	
1.80506	-5.78069e+101	-8.02432e+152	
1.80506	-6.82288e+101	-1.02894e+153	
1.80506	-7.91267e+101	-1.28506e+153	
1.80506	-9.33924e+101	-1.64781e+153	
1.80506	-1.0831e+102	-2.05797e+153	
1.80506	-1.27837e+102	-2.6389e+153	
1.80506	-1.48256e+102	-3.29576e+153	
1.80506	-1.74985e+102	-4.22609e+153	
1.80506	-2.02934e+102	-5.27803e+153	
1.80506	-2.39521e+102	-6.76791e+153	
1.80506	-2.77779e+102	-8.45255e+153	
1.80506	-3.27859e+102	-1.08385e+154	
1.80506	-3.80227e+102	-1.35364e+154	
1.80506	-4.48778e+102	-1.73575e+154	
1.80506	-5.2046e+102	-2.1678e+154	
1.80506	-6.14293e+102	-2.77973e+154	
1.80506	-7.12411e+102	-3.47165e+154	
1.80506	-8.40852e+102	-4.45162e+154	
1.80506	-9.75158e+102	-5.5597e+154	
1.80506	-1.15097e+103	-7.12909e+154	
1.80506	-1.33481e+103	-8.90364e+154	
1.80506	-1.57546e+103	-1.1417e+155	
1.80506	-1.8271e+103	-1.42588e+155	
1.80506	-2.15651e+103	-1.82838e+155	
1.80506	-2.50096e+103	-2.28349e+155	
1.80506	-2.95186e+103	-2.92807e+155	
1.80506	-3.42334e+103	-3.65692e+155	
1.80506	-4.04054e+103	-4.68919e+155	
1.80506	-4.68592e+103	-5.85641e+155	
1.80506	-5.53074e+103	-7.50955e+155	
1.80506	-6.41414e+103	-9.3788e+155	
1.80506	-7.57054e+103	-1.20262e+156	
1.80506	-8.77976e+103	-1.50198e+156	
1.80506	-1.03627e+104	-1.92595e+156	
1.80506	-1.20178e+104	-2.40535e+156	
1.80506	-1.41845e+104	-3.08434e+156	
1.80506	-1.64502e+104	-3.85208e+156	
1.80506	-1.9416e+104	-4.93944e+156	
1.80506	-2.25172e+104	-6.16894e+156	
1.80506	-2.65768e+104	-7.91031e+156	
1.80506	-3.08218e+104	-9.87931e+156	
1.80506	-3.63787e+104	-1.2668e+157	
1.80506	-4.21893e+104	-1.58213e+157	
1.80506	-4.97956e+104	-2.02874e+157	
1.80506	-5.77492e+104	-2.53372e+157	
1.80506	-6.81608e+104	-3.24894e+157	
1.80506	-7.90479e+104	-4.05765e+157	
1.80506	-9.32994e+104	-5.20304e+157	
1.80506	-1.08202e+105	-6.49816e+157	
1.80506	-1.27709e+105	-8.33246e+157	
1.80506	-1.48108e+105	-1.04065e+158	
1.80506	-1.7481e+105	-1.33441e+158	
1.80506	-2.02732e+105	-1.66656e+158	
1.80506	-2.39282e+105	-2.137e+158	
1.80506	-2.77502e+105	-2.66894e+158	
1.80506	-3.27533e+105	-3.42232e+158	
1.80506	-3.79848e+105	-4.27419e+158	
1.80506	-4.48331e+105	-5.48071e+158	
1.80506	-5.19941e+105	-6.84495e+158	
1.80506	-6.13681e+105	-8.77713e+158	
1.80506	-7.11701e+105	-1.09619e+159	
1.80506	-8.40014e+105	-1.40562e+159	
1.80506	-9.74186e+105	-1.7555e+159	
1.80506	-1.14982e+106	-2.25105e+159	
1.80506	-1.33348e+106	-2.81137e+159	
1.80506	-1.57389e+106	-3.60496e+159	
1.80506	-1.82528e+106	-4.50229e+159	
1.80506	-2.15436e+106	-5.7732e+159	
1.80506	-2.49847e+106	-7.21024e+159	
1.80506	-2.94891e+106	-9.24554e+159	
1.80506	-3.41993e+106	-1.15469e+160	
1.80506	-4.03651e+106	-1.48064e+160	
1.80506	-4.68125e+106	-1.84919e+160	
1.80506	-5.52523e+106	-2.37118e+160	
1.80506	-6.40775e+106	-2.9614e+160	
1.80506	-7.563e+106	-3.79735e+160	
1.80506	-8.77101e+106	-4.74257e+160	
1.80506	-1.03523e+107	-6.08129e+160	
1.80506	-1.20059e+107	-7.59503e+160	
1.80506	-1.41704e+107	-9.73895e+160	
1.80506	-1.64338e+107	-1.21631e+161	
1.80506	-1.93966e+107	-1.55965e+161	
1.80506	-2.24948e+107	-1.94788e+161	
1.80506	-2.65503e+107	-2.49772e+161	
1.80506	-3.07911e+107	-3.11944e+161	
1.80506	-3.63424e+107	-4e+161	
1.80506	-4.21472e+107	-4.99566e+161	
1.80506	-4.97459e+107	-6.40583e+161	
1.80506	-5.76917e+107	-8.00035e+161	
1.80506	-6.80929e+107	-1.02587e+162	
1.80506	-7.89691e+107	-1.28122e+162	
1.80506	-9.32064e+107	-1.64289e+162	
1.80506	-1.08094e+108	-2.05183e+162	
1.80506	-1.27582e+108	-2.63102e+162	
1.80506	-1.4796e+108	-3.28592e+162	
1.80506	-1.74636e+108	-4.21346e+162	
1.80506	-2.0253e+108	-5.26226e+162	
1.80506	-2.39044e+108	-6.74769e+162	
1.80506	-2.77225e+108	-8.4273e+162	
1.80506	-3.27206e+108	-1.08062e+163	
1.80506	-3.79469e+108	-1.3496e+163	
1.80506	-4.47884e+108	-1.73056e+163	
1.80506	-5.19422e+108	-2.16133e+163	
1.80506	-6.13069e+108	-2.77142e+163	
1.80506	-7.10992e+108	-3.46128e+163	
1.80506	-8.39176e+108	-4.43832e+163	
1.80506	-9.73215e+108	-5.54309e+163	
1.80506	-1.14867e+109	-7.1078e+163	
1.80506	-1.33215e+109	-8.87704e+163	
1.80506	-1.57232e+109	-1.13828e+164	
1.80506	-1.82346e+109	-1.42162e+164	
1.80506	-2.15221e+109	-1.82292e+164	
1.80506	-2.49598e+109	-2.27667e+164	
1.80506	-2.94597e+109	-2.91933e+164	
1.80506	-3.41652e+109	-3.64599e+164	
1.80506	-4.03249e+109	-4.67518e+164	
1.80506	-4.67658e+109	-5.83891e+164	
1.80506	-5.51972e+109	-7.48712e+164	
1.80506	-6.40136e+109	-9.35078e+164	
1.80506	-7.55546e+109	-1.19903e+165	
1.80506	-8.76226e+109	-1.49749e+165	
1.80506	-1.0342e+110	-1.9202e+165	
1.80506	-1.19939e+110	-2.39817e+165	
1.80506	-1.41563e+110	-3.07512e+165	
1.80506	-1.64174e+110	-3.84057e+165	
1.80506	-1.93773e+110	-4.92468e+165	
1.80506	-2.24723e+110	-6.15051e+165	
1.80506	-2.65239e+110	-7.88668e+165	
1.80506	-3.07604e+110	-9.8498e+165	
1.80506	-3.63062e+110	-1.26302e+166	
1.80506	-4.21052e+110	-1.57741e+166	
1.80506	-4.96964e+110	-2.02267e+166	
1.80506	-5.76342e+110	-2.52615e+166	
1.80506	-6.8025e+110	-3.23923e+166	
1.80506	-7.88904e+110	-4.04553e+166	
1.80506	-9.31134e+110	-5.1875e+166	
1.80506	-1.07986e+111	-6.47875e+166	
1.80506	-1.27455e+111	-8.30757e+166	
1.80506	-1.47813e+111	-1.03755e+167	
1.80506	-1.74462e+111	-1.33042e+167	
1.80506	-2.02328e+111	-1.66159e+167	
1.80506	-2.38805e+111	-2.13062e+167	
1.80506	-2.76949e+111	-2.66096e+167	
1.80506	-3.2688e+111	-3.4121e+167	
1.80506	-3.79091e+111	-4.26142e+167	
1.80506	-4.47437e+111	-5.46434e+167	
1.80506	-5.18905e+111	-6.8245e+167	
1.80506	-6.12458e+111	-8.75091e+167	
1.80506	-7.10283e+111	-1.09292e+168	
1.80506	-8.3834e+111	-1.40142e+168	
1.80506	-9.72245e+111	-1.75026e+168	
1.80506	-1.14753e+112	-2.24432e+168	
1.80506	-1.33082e+112	-2.80297e+168	
1.80506	-1.57075e+112	-3.59419e+168	
1.80506	-1.82164e+112	-4.48884e+168	
1.80506	-2.15007e+112	-5.75595e+168	
1.80506	-2.49349e+112	-7.1887e+168	
1.80506	-2.94304e+112	-9.21792e+168	
1.80506	-3.41312e+112	-1.15124e+169	
1.80506	-4.02847e+112	-1.47621e+169	
1.80506	-4.67192e+112	-1.84367e+169	
1.80506	-5.51422e+112	-2.36409e+169	
1.80506	-6.39498e+112	-2.95256e+169	
1.80506	-7.54793e+112	-3.786e+169	
1.80506	-8.75353e+112	-4.7284e+169	
1.80506	-1.03317e+113	-6.06313e+169	
1.80506	-1.19819e+113	-7.57234e+169	
1.80506	-1.41422e+113	-9.70985e+169	
1.80506	-1.6401e+113	-1.21268e+170	
1.80506	-1.9358e+113	-1.55499e+170	
1.80506	-2.24499e+113	-1.94206e+170	
1.80506	-2.64974e+113	-2.49026e+170	
1.80506	-3.07297e+113	-3.11012e+170	
1.80506	-3.627e+113	-3.98805e+170	
1.80506	-4.20633e+113	-4.98074e+170	
1.80506	-4.96468e+113	-6.3867e+170	
1.80506	-5.75767e+113	-7.97645e+170	
1.80506	-6.79572e+113	-1.0228e+171	
1.80506	-7.88117e+113	-1.2774e+171	
1.80506	-9.30206e+113	-1.63798e+171	
1.80506	-1.07878e+114	-2.0457e+171	
1.80506	-1.27328e+114	-2.62316e+171	
1.80506	-1.47665e+114	-3.2761e+171	
1.80506	-1.74288e+114	-4.20088e+171	
1.80506	-2.02126e+114	-5.24654e+171	
1.80506	-2.38567e+114	-6.72753e+171	
1.80506	-2.76673e+114	-8.40212e+171	
1.80506	-3.26554e+114	-1.07739e+172	
1.80506	-3.78713e+114	-1.34557e+172	
1.80506	-4.46991e+114	-1.72539e+172	
1.80506	-5.18387e+114	-2.15487e+172	
1.80506	-6.11847e+114	-2.76315e+172	
1.80506	-7.09575e+114	-3.45094e+172	
1.80506	-8.37504e+114	-4.42506e+172	
1.80506	-9.71275e+114	-5.52653e+172	
1.80506	-1.14639e+115	-7.08656e+172	
1.80506	-1.32949e+115	-8.85052e+172	
1.80506	-1.56919e+115	-1.13488e+173	
1.80506	-1.81983e+115	-1.41737e+173	
1.80506	-2.14792e+115	-1.81747e+173	
1.80506	-2.491e+115	-2.26987e+173	
1.80506	-2.9401e+115	-2.91061e+173	
1.80506	-3.40972e+115	-3.6351e+173	
1.80506	-4.02445e+115	-4.66122e+173	
1.80506	-4.66726e+115	-5.82147e+173	
1.80506	-5.50872e+115	-7.46475e+173	
1.80506	-6.38861e+115	-9.32284e+173	
1.80506	-7.5404e+115	-1.19545e+174	
1.80506	-8.7448e+115	-1.49302e+174	
1.80506	-1.03214e+116	-1.91446e+174	
1.80506	-1.197e+116	-2.391e+174	
1.80506	-1.41281e+116	-3.06593e+174	
1.80506	-1.63847e+116	-3.8291e+174	
1.80506	-1.93387e+116	-4.90997e+174	
1.80506	-2.24276e+116	-6.13214e+174	
1.80506	-2.6471e+116	-7.86312e+174	
1.80506	-3.06991e+116	-9.82037e+174	
1.80506	-3.62338e+116	-1.25925e+175	
1.80506	-4.20213e+116	-1.57269e+175	
1.80506	-4.95973e+116	-2.01663e+175	
1.80506	-5.75193e+116	-2.5186e+175	
1.80506	-6.78894e+116	-3.22955e+175	
1.80506	-7.87332e+116	-4.03344e+175	
1.80506	-9.29279e+116	-5.172e+175	
1.80506	-1.07771e+117	-6.45939e+175	
1.80506	-1.27201e+117	-8.28275e+175	
1.80506	-1.47518e+117	-1.03445e+176	
1.80506	-1.74114e+117	-1.32645e+176	
1.80506	-2.01925e+117	-1.65662e+176	
1.80506	-2.3833e+117	-2.12425e+176	
1.80506	-2.76397e+117	-2.65301e+176	
1.80506	-3.26229e+117	-3.4019e+176	
1.80506	-3.78336e+117	-4.24869e+176	
1.80506	-4.46546e+117	-5.44801e+176	
1.80506	-5.17871e+117	-6.80411e+176	
1.80506	-6.11237e+117	-8.72477e+176	
1.80506	-7.08868e+117	-1.08965e+177	
1.80506	-8.36669e+117	-1.39724e+177	
1.80506	-9.70307e+117	-1.74503e+177	
1.80506	-1.14524e+118	-2.23762e+177	
1.80506	-1.32817e+118	-2.7946e+177	
1.80506	-1.56762e+118	-3.58345e+177	
1.80506	-1.81801e+118	-4.47543e+177	
1.80506	-2.14578e+118	-5.73876e+177	
1.80506	-2.48852e+118	-7.16722e+177	
1.80506	-2.93717e+118	-9.19038e+177	
1.80506	-3.40632e+118	-1.1478e+178	
1.80506	-4.02044e+118	-1.4718e+178	
1.80506	-4.66261e+118	-1.83816e+178	
1.80506	-5.50323e+118	-2.35703e+178	
1.80506	-6.38224e+118	-2.94373e+178	
1.80506	-7.53289e+118	-3.77469e+178	
1.80506	-8.73609e+118	-4.71427e+178	
1.80506	-1.03111e+119	-6.04501e+178	
1.80506	-1.19581e+119	-7.54971e+178	
1.80506	-1.4114e+119	-9.68084e+178	
1.80506	-1.63683e+119	-1.20906e+179	
1.80506	-1.93194e+119	-1.55035e+179	
1.80506	-2.24052e+119	-1.93625e+179	
1.80506	-2.64446e+119	-2.48282e+179	
1.80506	-3.06685e+119	-3.10083e+179	
1.80506	-3.61977e+119	-3.97613e+179	
1.80506	-4.19794e+119	-4.96586e+179	
1.80506	-4.95479e+119	-6.36762e+179	
1.80506	-5.7462e+119	-7.95262e+179	
1.80506	-6.78218e+119	-1.01975e+180	
1.80506	-7.86547e+119	-1.27358e+180	
1.80506	-9.28353e+119	-1.63308e+180	
1.80506	-1.07664e+120	-2.03959e+180	
1.80506	-1.27074e+120	-2.61532e+180	
1.80506	-1.47371e+120	-3.26631e+180	
1.80506	-1.73941e+120	-4.18833e+180	
1.80506	-2.01723e+120	-5.23087e+180	
1.80506	-2.38092e+120	-6.70744e+180	
1.80506	-2.76122e+120	-8.37702e+180	
1.80506	-3.25903e+120	-1.07417e+181	
1.80506	-3.77959e+120	-1.34155e+181	
1.80506	-4.46101e+120	-1.72024e+181	
1.80506	-5.17355e+120	-2.14843e+181	
1.80506	-6.10628e+120	-2.75489e+181	
1.80506	-7.08161e+120	-3.44063e+181	
1.80506	-8.35835e+120	-4.41185e+181	
1.80506	-9.6934e+120	-5.51002e+181	
1.80506	-1.1441e+121	-7.06539e+181	
1.80506	-1.32684e+121	-8.82408e+181	
1.80506	-1.56606e+121	-1.13149e+182	
1.80506	-1.8162e+121	-1.41314e+182	
1.80506	-2.14364e+121	-1.81204e+182	
1.80506	-2.48604e+121	-2.26309e+182	
1.80506	-2.93425e+121	-2.90191e+182	
1.80506	-3.40292e+121	-3.62424e+182	
1.80506	-4.01643e+121	-4.64729e+182	
1.80506	-4.65796e+121	-5.80408e+182	
1.80506	-5.49774e+121	-7.44245e+182	
1.80506	-6.37588e+121	-9.29499e+182	
1.80506	-7.52538e+121	-1.19188e+183	
1.80506	-8.72738e+121	-1.48856e+183	
1.80506	-1.03008e+122	-1.90874e+183	
1.80506	-1.19461e+122	-2.38386e+183	
1.80506	-1.40999e+122	-3.05678e+183	
1.80506	-1.6352e+122	-3.81766e+183	
1.80506	-1.93001e+122	-4.8953e+183	
1.80506	-2.23829e+122	-6.11382e+183	
1.80506	-2.64183e+122	-7.83963e+183	
1.80506	-3.06379e+122	-9.79104e+183	
1.80506	-3.61616e+122	-1.25548e+184	
1.80506	-4.19376e+122	-1.56799e+184	
1.80506	-4.94985e+122	-2.01061e+184	
1.80506	-5.74047e+122	-2.51108e+184	
1.80506	-6.77542e+122	-3.21991e+184	
1.80506	-7.85763e+122	-4.02139e+184	
1.80506	-9.27427e+122	-5.15655e+184	
1.80506	-1.07556e+123	-6.4401e+184	
1.80506	-1.26947e+123	-8.258e+184	
1.80506	-1.47224e+123	-1.03136e+185	
1.80506	-1.73767e+123	-1.32249e+185	
1.80506	-2.01522e+123	-1.65167e+185	
1.80506	-2.37855e+123	-2.11791e+185	
1.80506	-2.75846e+123	-2.64509e+185	
1.80506	-3.25578e+123	-3.39174e+185	
1.80506	-3.77582e+123	-4.236e+185	
1.80506	-4.45656e+123	-5.43174e+185	
1.80506	-5.16839e+123	-6.78378e+185	
1.80506	-6.10019e+123	-8.69871e+185	
1.80506	-7.07455e+123	-1.0864e+186	
1.80506	-8.35002e+123	-1.39306e+186	
1.80506	-9.68374e+123	-1.73982e+186	
1.80506	-1.14296e+124	-2.23093e+186	
1.80506	-1.32552e+124	-2.78625e+186	
1.80506	-1.5645e+124	-3.57275e+186	
1.80506	-1.81439e+124	-4.46206e+186	
1.80506	-2.14151e+124	-5.72161e+186	
1.80506	-2.48356e+124	-7.14581e+186	
1.80506	-2.93132e+124	-9.16293e+186	
1.80506	-3.39953e+124	-1.14437e+187	
1.80506	-4.01243e+124	-1.46741e+187	
1.80506	-4.65332e+124	-1.83267e+187	
1.80506	-5.49226e+124	-2.34999e+187	
1.80506	-6.36952e+124	-2.93494e+187	
1.80506	-7.51788e+124	-3.76341e+187	
1.80506	-8.71868e+124	-4.70019e+187	
1.80506	-1.02906e+125	-6.02696e+187	
1.80506	-1.19342e+125	-7.52716e+187	
1.80506	-1.40859e+125	-9.65192e+187	
1.80506	-1.63357e+125	-1.20544e+188	
1.80506	-1.92809e+125	-1.54572e+188	
1.80506	-2.23606e+125	-1.93047e+188	
1.80506	-2.63919e+125	-2.4754e+188	
1.80506	-3.06074e+125	-3.09157e+188	
1.80506	-3.61256e+125	-3.96426e+188	
1.80506	-4.18958e+125	-4.95102e+188	
1.80506	-4.94492e+125	-6.34859e+188	
1.80506	-5.73475e+125	-7.92886e+188	
1.80506	-6.76866e+125	-1.0167e+189	
1.80506	-7.8498e+125	-1.26977e+189	
1.80506	-9.26503e+125	-1.62821e+189	
1.80506	-1.07449e+126	-2.03349e+189	
1.80506	-1.26821e+126	-2.60751e+189	
1.80506	-1.47077e+126	-3.25656e+189	
1.80506	-1.73594e+126	-4.17582e+189	
1.80506	-2.01322e+126	-5.21524e+189	
1.80506	-2.37618e+126	-6.6874e+189	
1.80506	-2.75571e+126	-8.352e+189	
1.80506	-3.25254e+126	-1.07096e+190	
1.80506	-3.77206e+126	-1.33754e+190	
1.80506	-4.45212e+126	-1.7151e+190	
1.80506	-5.16324e+126	-2.14201e+190	
1.80506	-6.09411e+126	-2.74666e+190	
1.80506	-7.0675e+126	-3.43035e+190	
1.80506	-8.3417e+126	-4.39867e+190	
1.80506	-9.67409e+126	-5.49356e+190	
1.80506	-1.14182e+127	-7.04428e+190	
1.80506	-1.3242e+127	-8.79772e+190	
1.80506	-1.56294e+127	-1.12811e+191	
1.80506	-1.81258e+127	-1.40892e+191	
1.80506	-2.13937e+127	-1.80663e+191	
1.80506	-2.48109e+127	-2.25633e+191	
1.80506	-2.9284e+127	-2.89324e+191	
1.80506	-3.39614e+127	-3.61341e+191	
1.80506	-4.00843e+127	-4.63341e+191	
1.80506	-4.64868e+127	-5.78674e+191	
1.80506	-5.48679e+127	-7.42021e+191	
1.80506	-6.36317e+127	-9.26722e+191	
1.80506	-7.51038e+127	-1.18832e+192	
1.80506	-8.70999e+127	-1.48411e+192	
1.80506	-1.02803e+128	-1.90304e+192	
1.80506	-1.19223e+128	-2.37674e+192	
1.80506	-1.40718e+128	-3.04764e+192	
1.80506	-1.63194e+128	-3.80625e+192	
1.80506	-1.92617e+128	-4.88068e+192	
1.80506	-2.23383e+128	-6.09556e+192	
1.80506	-2.63656e+128	-7.81621e+192	
1.80506	-3.05769e+128	-9.76179e+192	
1.80506	-3.60896e+128	-1.25173e+193	
1.80506	-4.1854e+128	-1.56331e+193	
1.80506	-4.93999e+128	-2.0046e+193	
1.80506	-5.72903e+128	-2.50358e+193	
1.80506	-6.76192e+128	-3.21029e+193	
1.80506	-7.84197e+128	-4.00938e+193	
1.80506	-9.25579e+128	-5.14114e+193	
1.80506	-1.07342e+129	-6.42086e+193	
1.80506	-1.26694e+129	-8.23333e+193	
1.80506	-1.46931e+129	-1.02827e+194	
1.80506	-1.73421e+129	-1.31853e+194	
1.80506	-2.01121e+129	-1.64674e+194	
1.80506	-2.37381e+129	-2.11158e+194	
1.80506	-2.75297e+129	-2.63719e+194	
1.80506	-3.2493e+129	-3.38161e+194	
1.80506	-3.7683e+129	-4.22335e+194	
1.80506	-4.44768e+129	-5.41551e+194	
1.80506	-5.15809e+129	-6.76352e+194	
1.80506	-6.08804e+129	-8.67272e+194	
1.80506	-7.06046e+129	-1.08315e+195	
1.80506	-8.33338e+129	-1.3889e+195	
1.80506	-9.66444e+129	-1.73462e+195	
1.80506	-1.14068e+130	-2.22427e+195	
1.80506	-1.32288e+130	-2.77792e+195	
1.80506	-1.56138e+130	-3.56207e+195	
1.80506	-1.81078e+130	-4.44873e+195	
1.80506	-2.13724e+130	-5.70452e+195	
1.80506	-2.47861e+130	-7.12446e+195	
1.80506	-2.92548e+130	-9.13555e+195	
1.80506	-3.39276e+130	-1.14095e+196	
1.80506	-4.00443e+130	-1.46302e+196	
1.80506	-4.64405e+130	-1.82719e+196	
1.80506	-5.48132e+130	-2.34297e+196	
1.80506	-6.35683e+130	-2.92617e+196	
1.80506	-7.5029e+130	-3.75217e+196	
1.80506	-8.70131e+130	-4.68615e+196	
1.80506	-1.02701e+131	-6.00895e+196	
1.80506	-1.19105e+131	-7.50467e+196	
1.80506	-1.40578e+131	-9.62309e+196	
1.80506	-1.63032e+131	-1.20184e+197	
1.80506	-1.92425e+131	-1.5411e+197	
1.80506	-2.2316e+131	-1.9247e+197	
1.80506	-2.63393e+131	-2.46801e+197	
1.80506	-3.05464e+131	-3.08233e+197	
1.80506	-3.60536e+131	-3.95241e+197	
1.80506	-4.18123e+131	-4.93623e+197	
1.80506	-4.93506e+131	-6.32963e+197	
1.80506	-5.72332e+131	-7.90517e+197	
1.80506	-6.75518e+131	-1.01366e+198	
1.80506	-7.83415e+131	-1.26598e+198	
1.80506	-9.24657e+131	-1.62334e+198	
1.80506	-1.07235e+132	-2.02742e+198	
1.80506	-1.26568e+132	-2.59972e+198	
1.80506	-1.46784e+132	-3.24683e+198	
1.80506	-1.73248e+132	-4.16334e+198	
1.80506	-2.0092e+132	-5.19966e+198	
1.80506	-2.37144e+132	-6.66742e+198	
1.80506	-2.75022e+132	-8.32705e+198	
1.80506	-3.24606e+132	-1.06776e+199	
1.80506	-3.76454e+132	-1.33354e+199	
1.80506	-4.44325e+132	-1.70997e+199	
1.80506	-5.15295e+132	-2.13561e+199	
1.80506	-6.08197e+132	-2.73845e+199	
1.80506	-7.05342e+132	-3.4201e+199	
1.80506	-8.32508e+132	-4.38552e+199	
1.80506	-9.65481e+132	-5.47715e+199	
1.80506	-1.13955e+133	-7.02324e+199	
1.80506	-1.32156e+133	-8.77144e+199	
1.80506	-1.55983e+133	-1.12474e+200	
1.80506	-1.80897e+133	-1.40471e+200	
1.80506	-2.13511e+133	-1.80123e+200	
1.80506	-2.47614e+133	-2.24959e+200	
1.80506	-2.92256e+133	-2.8846e+200	
1.80506	-3.38937e+133	-3.60262e+200	
1.80506	-4.00044e+133	-4.61957e+200	
1.80506	-4.63942e+133	-5.76945e+200	
1.80506	-5.47585e+133	-7.39805e+200	
1.80506	-6.35049e+133	-9.23954e+200	
1.80506	-7.49542e+133	-1.18477e+201	
1.80506	-8.69263e+133	-1.47967e+201	
1.80506	-1.02598e+134	-1.89736e+201	
1.80506	-1.18986e+134	-2.36964e+201	
1.80506	-1.40438e+134	-3.03854e+201	
1.80506	-1.62869e+134	-3.79488e+201	
1.80506	-1.92233e+134	-4.8661e+201	
1.80506	-2.22938e+134	-6.07735e+201	
1.80506	-2.63131e+134	-7.79286e+201	
1.80506	-3.0516e+134	-9.73262e+201	
1.80506	-3.60177e+134	-1.24799e+202	
1.80506	-4.17706e+134	-1.55864e+202	
1.80506	-4.93014e+134	-1.99861e+202	
1.80506	-5.71762e+134	-2.4961e+202	
1.80506	-6.74844e+134	-3.2007e+202	
1.80506	-7.82634e+134	-3.9974e+202	
1.80506	-9.23735e+134	-5.12579e+202	
1.80506	-1.07128e+135	-6.40167e+202	
1.80506	-1.26442e+135	-8.20874e+202	
1.80506	-1.46638e+135	-1.0252e+203	
1.80506	-1.73075e+135	-1.3146e+203	
1.80506	-2.0072e+135	-1.64182e+203	
1.80506	-2.36908e+135	-2.10527e+203	
1.80506	-2.74748e+135	-2.62931e+203	
1.80506	-3.24282e+135	-3.37151e+203	
1.80506	-3.76079e+135	-4.21073e+203	
1.80506	-4.43882e+135	-5.39933e+203	
1.80506	-5.14781e+135	-6.74331e+203	
1.80506	-6.07591e+135	-8.64681e+203	
1.80506	-7.04639e+135	-1.07991e+204	
1.80506	-8.31678e+135	-1.38475e+204	
1.80506	-9.64518e+135	-1.72944e+204	
1.80506	-1.13841e+136	-2.21762e+204	
1.80506	-1.32024e+136	-2.76963e+204	
1.80506	-1.55827e+136	-3.55143e+204	
1.80506	-1.80717e+136	-4.43544e+204	
1.80506	-2.13298e+136	-5.68748e+204	
1.80506	-2.47367e+136	-7.10318e+204	
1.80506	-2.91965e+136	-9.10826e+204	
1.80506	-3.386e+136	-1.13755e+205	
1.80506	-3.99645e+136	-1.45865e+205	
1.80506	-4.63479e+136	-1.82173e+205	
1.80506	-5.4704e+136	-2.33597e+205	
1.80506	-6.34416e+136	-2.91743e+205	
1.80506	-7.48795e+136	-3.74096e+205	
1.80506	-8.68397e+136	-4.67215e+205	
1.80506	-1.02496e+137	-5.991e+205	
1.80506	-1.18867e+137	-7.48225e+205	
1.80506	-1.40298e+137	-9.59434e+205	
1.80506	-1.62707e+137	-1.19825e+206	
1.80506	-1.92041e+137	-1.53649e+206	
1.80506	-2.22715e+137	-1.91895e+206	
1.80506	-2.62868e+137	-2.46063e+206	
1.80506	-3.04855e+137	-3.07313e+206	
1.80506	-3.59818e+137	-3.94061e+206	
1.80506	-4.1729e+137	-4.92148e+206	
1.80506	-4.92523e+137	-6.31072e+206	
1.80506	-5.71192e+137	-7.88156e+206	
1.80506	-6.74171e+137	-1.01064e+207	
1.80506	-7.81854e+137	-1.2622e+207	
1.80506	-9.22814e+137	-1.61849e+207	
1.80506	-1.07021e+138	-2.02136e+207	
1.80506	-1.26316e+138	-2.59195e+207	
1.80506	-1.46492e+138	-3.23713e+207	
1.80506	-1.72903e+138	-4.1509e+207	
1.80506	-2.0052e+138	-5.18413e+207	
1.80506	-2.36672e+138	-6.6475e+207	
1.80506	-2.74474e+138	-8.30217e+207	
1.80506	-3.23959e+138	-1.06457e+208	
1.80506	-3.75704e+138	-1.32956e+208	
1.80506	-4.43439e+138	-1.70487e+208	
1.80506	-5.14268e+138	-2.12923e+208	
1.80506	-6.06985e+138	-2.73027e+208	
1.80506	-7.03936e+138	-3.40988e+208	
1.80506	-8.30849e+138	-4.37242e+208	
1.80506	-9.63557e+138	-5.46079e+208	
1.80506	-1.13728e+139	-7.00226e+208	
1.80506	-1.31893e+139	-8.74523e+208	
1.80506	-1.55672e+139	-1.12138e+209	
1.80506	-1.80537e+139	-1.40051e+209	
1.80506	-2.13085e+139	-1.79585e+209	
1.80506	-2.47121e+139	-2.24287e+209	
1.80506	-2.91674e+139	-2.87598e+209	
1.80506	-3.38262e+139	-3.59186e+209	
1.80506	-3.99247e+139	-4.60577e+209	
1.80506	-4.63017e+139	-5.75221e+209	
1.80506	-5.46494e+139	-7.37595e+209	
1.80506	-6.33784e+139	-9.21194e+209	
1.80506	-7.48048e+139	-1.18123e+210	
1.80506	-8.67531e+139	-1.47525e+210	
1.80506	-1.02394e+140	-1.89169e+210	
1.80506	-1.18749e+140	-2.36256e+210	
1.80506	-1.40158e+140	-3.02946e+210	
1.80506	-1.62545e+140	-3.78354e+210	
1.80506	-1.9185e+140	-4.85156e+210	
1.80506	-2.22493e+140	-6.05919e+210	
1.80506	-2.62606e+140	-7.76958e+210	
1.80506	-3.04552e+140	-9.70355e+210	
1.80506	-3.59459e+140	-1.24427e+211	
1.80506	-4.16874e+140	-1.55398e+211	
1.80506	-4.92032e+140	-1.99264e+211	
1.80506	-5.70622e+140	-2.48864e+211	
1.80506	-6.73499e+140	-3.19113e+211	
1.80506	-7.81075e+140	-3.98546e+211	
1.80506	-9.21894e+140	-5.11047e+211	
1.80506	-1.06915e+141	-6.38255e+211	
1.80506	-1.2619e+141	-8.18421e+211	
1.80506	-1.46346e+141	-1.02214e+212	
1.80506	-1.72731e+141	-1.31067e+212	
1.80506	-2.0032e+141	-1.63691e+212	
1.80506	-2.36436e+141	-2.09898e+212	
1.80506	-2.74201e+141	-2.62145e+212	
1.80506	-3.23636e+141	-3.36144e+212	
1.80506	-3.75329e+141	-4.19815e+212	
1.80506	-4.42997e+141	-5.3832e+212	
1.80506	-5.13755e+141	-6.72317e+212	
1.80506	-6.0638e+141	-8.62098e+212	
1.80506	-7.03235e+141	-1.07669e+213	
1.80506	-8.30021e+141	-1.38061e+213	
1.80506	-9.62597e+141	-1.72427e+213	
1.80506	-1.13614e+142	-2.211e+213	
1.80506	-1.31761e+142	-2.76135e+213	
1.80506	-1.55517e+142	-3.54082e+213	
1.80506	-1.80357e+142	-4.42219e+213	
1.80506	-2.12873e+142	-5.67049e+213	
1.80506	-2.46874e+142	-7.08196e+213	
1.80506	-2.91383e+142	-9.08105e+213	
1.80506	-3.37925e+142	-1.13415e+214	
1.80506	-3.98849e+142	-1.45429e+214	
1.80506	-4.62556e+142	-1.81629e+214	
1.80506	-5.4595e+142	-2.32899e+214	
1.80506	-6.33152e+142	-2.90872e+214	
1.80506	-7.47303e+142	-3.72979e+214	
1.80506	-8.66666e+142	-4.65819e+214	
1.80506	-1.02292e+143	-5.9731e+214	
1.80506	-1.1863e+143	-7.4599e+214	
1.80506	-1.40018e+143	-9.56568e+214	
1.80506	-1.62383e+143	-1.19467e+215	
1.80506	-1.91659e+143	-1.5319e+215	
1.80506	-2.22272e+143	-1.91322e+215	
1.80506	-2.62345e+143	-2.45328e+215	
1.80506	-3.04248e+143	-3.06394e+215	
1.80506	-3.59101e+143	-3.92883e+215	
1.80506	-4.16458e+143	-4.90678e+215	
1.80506	-4.91541e+143	-6.29187e+215	
1.80506	-5.70054e+143	-7.85801e+215	
1.80506	-6.72828e+143	-1.00762e+216	
1.80506	-7.80296e+143	-1.25843e+216	
1.80506	-9.20975e+143	-1.61366e+216	
1.80506	-1.06808e+144	-2.01532e+216	
1.80506	-1.26064e+144	-2.58421e+216	
1.80506	-1.462e+144	-3.22746e+216	
1.80506	-1.72558e+144	-4.1385e+216	
1.80506	-2.0012e+144	-5.16864e+216	
1.80506	-2.362e+144	-6.62764e+216	
1.80506	-2.73927e+144	-8.27737e+216	
1.80506	-3.23314e+144	-1.06139e+217	
1.80506	-3.74955e+144	-1.32559e+217	
1.80506	-4.42556e+144	-1.69977e+217	
1.80506	-5.13243e+144	-2.12287e+217	
1.80506	-6.05776e+144	-2.72212e+217	
1.80506	-7.02534e+144	-3.3997e+217	
1.80506	-8.29193e+144	-4.35936e+217	
1.80506	-9.61637e+144	-5.44448e+217	
1.80506	-1.13501e+145	-6.98134e+217	
1.80506	-1.3163e+145	-8.71911e+217	
1.80506	-1.55362e+145	-1.11803e+218	
1.80506	-1.80177e+145	-1.39633e+218	
1.80506	-2.12661e+145	-1.79048e+218	
1.80506	-2.46628e+145	-2.23616e+218	
1.80506	-2.91093e+145	-2.86739e+218	
1.80506	-3.37588e+145	-3.58113e+218	
1.80506	-3.98451e+145	-4.59201e+218	
1.80506	-4.62095e+145	-5.73503e+218	
1.80506	-5.45405e+145	-7.35391e+218	
1.80506	-6.32521e+145	-9.18442e+218	
1.80506	-7.46558e+145	-1.1777e+219	
1.80506	-8.65802e+145	-1.47085e+219	
1.80506	-1.0219e+146	-1.88604e+219	
1.80506	-1.18512e+146	-2.3555e+219	
1.80506	-1.39879e+146	-3.02041e+219	
1.80506	-1.62221e+146	-3.77224e+219	
1.80506	-1.91468e+146	-4.83707e+219	
1.80506	-2.2205e+146	-6.04109e+219	
1.80506	-2.62083e+146	-7.74637e+219	
1.80506	-3.03945e+146	-9.67456e+219	
1.80506	-3.58743e+146	-1.24055e+220	
1.80506	-4.16043e+146	-1.54934e+220	
1.80506	-4.91052e+146	-1.98669e+220	
1.80506	-5.69485e+146	-2.48121e+220	
1.80506	-6.72157e+146	-3.1816e+220	
1.80506	-7.79519e+146	-3.97355e+220	
1.80506	-9.20057e+146	-5.09521e+220	
1.80506	-1.06701e+147	-6.36348e+220	
1.80506	-1.25939e+147	-8.15976e+220	
1.80506	-1.46054e+147	-1.01909e+221	
1.80506	-1.72386e+147	-1.30675e+221	
1.80506	-1.99921e+147	-1.63202e+221	
1.80506	-2.35965e+147	-2.09271e+221	
1.80506	-2.73654e+147	-2.61362e+221	
1.80506	-3.22991e+147	-3.35139e+221	
1.80506	-3.74581e+147	-4.18561e+221	
1.80506	-4.42114e+147	-5.36712e+221	
1.80506	-5.12732e+147	-6.70308e+221	
1.80506	-6.05172e+147	-8.59522e+221	
1.80506	-7.01834e+147	-1.07347e+222	
1.80506	-8.28367e+147	-1.37649e+222	
1.80506	-9.60678e+147	-1.71912e+222	
1.80506	-1.13388e+148	-2.20439e+222	
1.80506	-1.31499e+148	-2.7531e+222	
1.80506	-1.55207e+148	-3.53025e+222	
1.80506	-1.79997e+148	-4.40898e+222	
1.80506	-2.12449e+148	-5.65355e+222	
1.80506	-2.46383e+148	-7.0608e+222	
1.80506	-2.90803e+148	-9.05392e+222	
1.80506	-3.37251e+148	-1.13076e+223	
1.80506	-3.98054e+148	-1.44995e+223	
1.80506	-4.61634e+148	-1.81086e+223	
1.80506	-5.44862e+148	-2.32203e+223	
1.80506	-6.3189e+148	-2.90003e+223	
1.80506	-7.45814e+148	-3.71864e+223	
1.80506	-8.64939e+148	-4.64427e+223	
1.80506	-1.02088e+149	-5.95526e+223	
1.80506	-1.18394e+149	-7.43762e+223	
1.80506	-1.39739e+149	-9.5371e+223	
1.80506	-1.62059e+149	-1.1911e+224	
1.80506	-1.91277e+149	-1.52733e+224	
1.80506	-2.21829e+149	-1.9075e+224	
1.80506	-2.61822e+149	-2.44595e+224	
1.80506	-3.03642e+149	-3.05479e+224	
1.80506	-3.58385e+149	-3.9171e+224	
1.80506	-4.15629e+149	-4.89212e+224	
1.80506	-4.90562e+149	-6.27307e+224	
1.80506	-5.68918e+149	-7.83454e+224	
1.80506	-6.71487e+149	-1.00461e+225	
1.80506	-7.78742e+149	-1.25467e+225	
1.80506	-9.1914e+149	-1.60884e+225	
1.80506	-1.06595e+150	-2.0093e+225	
1.80506	-1.25813e+150	-2.57649e+225	
1.80506	-1.45909e+150	-3.21782e+225	
1.80506	-1.72215e+150	-4.12614e+225	
1.80506	-1.99722e+150	-5.1532e+225	
1.80506	-2.35729e+150	-6.60784e+225	
1.80506	-2.73382e+150	-8.25264e+225	
1.80506	-3.22669e+150	-1.05822e+226	
1.80506	-3.74208e+150	-1.32163e+226	
1.80506	-4.41674e+150	-1.6947e+226	
1.80506	-5.12221e+150	-2.11653e+226	
1.80506	-6.04569e+150	-2.71399e+226	
1.80506	-7.01134e+150	-3.38954e+226	
1.80506	-8.27541e+150	-4.34634e+226	
1.80506	-9.59721e+150	-5.42821e+226	
1.80506	-1.13275e+151	-6.96048e+226	
1.80506	-1.31368e+151	-8.69306e+226	
1.80506	-1.55052e+151	-1.11469e+227	
1.80506	-1.79818e+151	-1.39216e+227	
1.80506	-2.12237e+151	-1.78514e+227	
1.80506	-2.46137e+151	-2.22948e+227	
1.80506	-2.90513e+151	-2.85882e+227	
1.80506	-3.36915e+151	-3.57043e+227	
1.80506	-3.97658e+151	-4.57829e+227	
1.80506	-4.61174e+151	-5.7179e+227	
1.80506	-5.44319e+151	-7.33194e+227	
1.80506	-6.31261e+151	-9.15698e+227	
1.80506	-7.4507e+151	-1.17418e+228	
1.80506	-8.64077e+151	-1.46645e+228	
1.80506	-1.01986e+152	-1.8804e+228	
1.80506	-1.18276e+152	-2.34846e+228	
1.80506	-1.396e+152	-3.01139e+228	
1.80506	-1.61898e+152	-3.76097e+228	
1.80506	-1.91086e+152	-4.82262e+228	
1.80506	-2.21607e+152	-6.02304e+228	
1.80506	-2.61561e+152	-7.72322e+228	
1.80506	-3.03339e+152	-9.64566e+228	
1.80506	-3.58028e+152	-1.23684e+229	
1.80506	-4.15214e+152	-1.54471e+229	
1.80506	-4.90073e+152	-1.98075e+229	
1.80506	-5.68351e+152	-2.47379e+229	
1.80506	-6.70818e+152	-3.1721e+229	
1.80506	-7.77965e+152	-3.96168e+229	
1.80506	-9.18224e+152	-5.07998e+229	
1.80506	-1.06489e+153	-6.34447e+229	
1.80506	-1.25688e+153	-8.13539e+229	
1.80506	-1.45763e+153	-1.01604e+230	
1.80506	-1.72043e+153	-1.30285e+230	
1.80506	-1.99523e+153	-1.62715e+230	
1.80506	-2.35494e+153	-2.08646e+230	
1.80506	-2.73109e+153	-2.60581e+230	
1.80506	-3.22348e+153	-3.34138e+230	
1.80506	-3.73835e+153	-4.1731e+230	
1.80506	-4.41233e+153	-5.35109e+230	
1.80506	-5.1171e+153	-6.68306e+230	
1.80506	-5.28387e+153	-7.01241e+230	
1.80506	inf	-nan	
1.80506	-nan	-nan	
1.80506	-nan	-nan	
1.80506	-nan	-nan	
1.80506	-nan	-nan	
1.80506	-nan	-nan	
1.80506	-nan	-nan	
1.80506	-nan	-nan	
1.80506	-nan	-nan	
1.80506	-nan	-nan	
1.80506	-nan	-nan	
1.80506	-nan	-nan	
1.80506	-nan	-nan	
1.80506	-nan	-nan	
1.80506	-nan	-nan	
1.80506	-nan	-nan	
1.80506	-nan	-nan	
1.80506	-nan	-nan	
1.80506	-nan	-nan	
1.80506	-nan	-nan	
1.80506	-nan	-nan	
1.80506	-nan	-nan	
1.80506	-nan	-nan	
1.80506	-nan	-nan	
1.80506	-nan	-nan	
1.80506	-nan	-nan	
1.80506	-nan	-nan	
1.80506	-nan	-nan	
1.80506	-nan	-nan	
1.80506	-nan	-nan	
1.80506	-nan	-nan	
1.80506	-nan	-nan	
1.80506	-nan	-nan	
1.80506	-nan	-nan	
1.80506	-nan	-nan	
1.80506	-nan	-nan	
1.80506	-nan	-nan	
1.80506	-nan	-nan	
1.80506	-nan	-nan	
1.80506	-nan	-nan	
1.80506	-nan	-nan	
1.80506	-nan	-nan	
1.80506	-nan	-nan	
1.80506	-nan	-nan	
1.80506	-nan	-nan	
1.80506	-nan	-nan	
1.80506	-nan	-nan	
1.80506	-nan	-nan	
1.80506	-nan	-nan	
1.80506	-nan	-nan	
1.80506	-nan	-nan	
1.80506	-nan	-nan	
1.80506	-nan	-nan	
1.80506	-nan	-nan	
1.80506	-nan	-nan	
1.80506	-nan	-nan	
1.80506	-nan	-nan	
1.80506	-nan	-nan	
1.80506	-nan	-nan	
1.80506	-nan	-nan	
1.80506	-nan	-nan	
1.80506	-nan	-nan	
1.80506	-nan	-nan	
1.80506	-nan	-nan	
1.80506	-nan	-nan	
1.80506	-nan	-nan	
1.80506	-nan	-nan	
1.80506	-nan	-nan	
1.80506	-nan	-nan	
1.80506	-nan	-nan	
1.80506	-nan	-nan	
1.80506	-nan	-nan	
1.80506	-nan	-nan	
1.80506	-nan	-nan	
1.80506	-nan	-nan	
1.80506	-nan	-nan	
1.80506	-nan	-nan	
1.80506	-nan	-nan	
1.80506	-nan	-nan	
1.80506	-nan	-nan	
1.80506	-nan	-nan	
1.80506	-nan	-nan	
1.80506	-nan	-nan	
1.80506	-nan	-nan	
1.80506	-nan	-nan	
1.80506	-nan	-nan	
1.80506	-nan	-nan	
1.80506	-nan	-nan	
1.80506	-nan	-nan	
1.80506	-nan	-nan	
1.80506	-nan	-nan	
1.80506	-nan	-nan	
1.80506	-nan	-nan	
1.80506	-nan	-nan	
1.80506	-nan	-nan	
1.80506	-nan	-nan	
1.80506	-nan	-nan	
1.80506	-nan	-nan	
1.80506	-nan	-nan	
1.80506	-nan	-nan	
1.80506	-nan	-nan	
1.80506	-nan	-nan	
1.80506	-nan	-nan	
1.80506	-nan	-nan	
1.80506	-nan	-nan	
1.80506	-nan	-nan	
1.80506	-nan	-nan	
1.80506	-nan	-nan	
1.80506	-nan	-nan	
1.80506	-nan	-nan	
1.80506	-nan	-nan	
1.80506	-nan	-nan	
1.80508	-nan	-nan	
1.80515	-nan	-nan	
1.80547	-nan	-nan	
1.80691	-nan	-nan	
1.81341	-nan	-nan	
1.84263	-nan	-nan	
1.97415	-nan	-nan	
2	-nan	-nan	
